1.061326970918802772e+03 1.000000000000000142e+02
1.060765489356528406e+03 8.302175681319752698e+01
1.059620613686344086e+03 6.892612104349696267e+01
1.058674349762951579e+03 5.722367659350220492e+01
1.058487487946218607e+03 4.750810162102794010e+01
1.058159892554771204e+03 3.944206059437656364e+01
1.057634203771123794e+03 3.274549162877731590e+01
1.057002168942846311e+03 2.718588242732940330e+01
1.056998162461071388e+03 2.257019719633921540e+01
1.056987190439350798e+03 1.873817422860383175e+01
1.056960131796593487e+03 1.555676143930472399e+01
1.056899681758836323e+03 1.291549665014882997e+01
1.056075197475517143e+03 1.072267222010323096e+01
1.054231312091077143e+03 8.902150854450393780e+00
1.054227218971912407e+03 7.390722033525776169e+00
1.054086332692697169e+03 6.135907273413176100e+00
1.053011257468073154e+03 5.094138014816375737e+00
1.049338315950060860e+03 4.229242874389499640e+00
1.046962211847589515e+03 3.511191734215127980e+00
1.045629011569922568e+03 2.915053062825175623e+00
1.045129503768611812e+03 2.420128264794383810e+00
1.044262213891295232e+03 2.009233002565046000e+00
1.043256693442867572e+03 1.668100537200059241e+00
1.043148182348429373e+03 1.384886371393871718e+00
1.040820396311015202e+03 1.149756995397735793e+00
1.038459688236818010e+03 9.545484566618328559e-01
1.038402940155297983e+03 7.924828983539170535e-01
1.038320636853010001e+03 6.579332246575683163e-01
1.038168736467195231e+03 5.462277217684337050e-01
1.037900612999531404e+03 4.534878508128582508e-01
1.035560386975120309e+03 3.764935806792471529e-01
1.031040402686630387e+03 3.125715849688235348e-01
1.025814795187618529e+03 2.595024211399732383e-01
1.020454910101775226e+03 2.154434690031882260e-01
1.019472924126895464e+03 1.788649529057435295e-01
1.018686590529960085e+03 1.484968262254463545e-01
1.017776197733914955e+03 1.232846739442065992e-01
1.016150667797534311e+03 1.023531021899027060e-01
1.012513034913242109e+03 8.497534359086438005e-02
1.011541876228530327e+03 7.054802310718638614e-02
1.009527143189349999e+03 5.857020818056662276e-02
1.007254657325131461e+03 4.862601580065348955e-02
1.004599436536960184e+03 4.037017258596554276e-02
1.003503700279404484e+03 3.351602650938841077e-02
1.001271681174992409e+03 2.782559402207123583e-02
9.983194730165153032e+02 2.310129700083158460e-02
9.950598624890296833e+02 1.917910261672486905e-02
9.922312889349153693e+02 1.592282793341090810e-02
9.885369847466570263e+02 1.321941148466028795e-02
9.845536330612084157e+02 1.097498765493055625e-02
9.817564923429486043e+02 9.111627561154888796e-03
9.794326814231972094e+02 7.564633275546276195e-03
9.760196567533121197e+02 6.280291441834247486e-03
9.722765162069159715e+02 5.214008287999684008e-03
9.687299011680686363e+02 4.328761281083053081e-03
9.639775073616617647e+02 3.593813663804625805e-03
9.600416576606639865e+02 2.983647240283334324e-03
9.567192367710825920e+02 2.477076355991709132e-03
9.530433172427464115e+02 2.056512308348651657e-03
9.496006837018306896e+02 1.707352647470688914e-03
9.445367304607337928e+02 1.417474162926804808e-03
9.418636159858665451e+02 1.176811952434996802e-03
9.381583111973091036e+02 9.770099572992247371e-04
9.348691426386195644e+02 8.111308307896856031e-04
9.329163250176309248e+02 6.734150657750814697e-04
9.306223304336554065e+02 5.590810182512222660e-04
9.262977505622941408e+02 4.641588833612773522e-04
9.217717772592833398e+02 3.853528593710527734e-04
9.195472781094063066e+02 3.199267137797377888e-04
9.171056474180543319e+02 2.656087782946684275e-04
9.144833356225673242e+02 2.205130739903041258e-04
9.123797748337807434e+02 1.830738280295366339e-04
9.096864032814038410e+02 1.519911082952933351e-04
9.075269267751464213e+02 1.261856883066018585e-04
9.060035003590763836e+02 1.047615752789664132e-04
9.038582934324808775e+02 8.697490026177818155e-05
9.000496842349231201e+02 7.220809018385457615e-05
8.967020122646625850e+02 5.994842503189408905e-05
8.950050878853521681e+02 4.977023564332103795e-05
8.934278726009011962e+02 4.132012400115334376e-05
8.919275946473990189e+02 3.430469286314912652e-05
8.905042540248457499e+02 2.848035868435799396e-05
8.892605154187430117e+02 2.364489412645402454e-05
8.882819768498379744e+02 1.963040650040268496e-05
8.863772288819571941e+02 1.629750834620643783e-05
8.851604962839153359e+02 1.353047774579805024e-05
8.840276762788416818e+02 1.123324032978026594e-05
8.828057650452146845e+02 9.326033468832181083e-06
8.811772361708997323e+02 7.742636826811263341e-06
8.795215066003873972e+02 6.428073117284306733e-06
8.786296071450419731e+02 5.336699231206302861e-06
8.774349589940349006e+02 4.430621457583878230e-06
8.764883659301484613e+02 3.678379771828626713e-06
8.759487048439094679e+02 3.053855508833412725e-06
8.754898924174981403e+02 2.535364493970106576e-06
8.751098103672360367e+02 2.104904144512017605e-06
8.748048218419172599e+02 1.747528400007683116e-06
8.745693231853356338e+02 1.450828778495937304e-06
8.743955652685733639e+02 1.204503540258781267e-06
8.742739298962072780e+02 1.000000000000000167e-06
