9.168036820141602448e+02 1.000000000000000142e+02
9.168036820141602448e+02 8.302175681319752698e+01
9.168036820141602448e+02 6.892612104349696267e+01
9.168036820141602448e+02 5.722367659350220492e+01
9.168036820141602448e+02 4.750810162102794010e+01
9.168036820141602448e+02 3.944206059437656364e+01
9.165432557366667652e+02 3.274549162877731590e+01
9.159605005226902676e+02 2.718588242732940330e+01
9.156890580993936055e+02 2.257019719633921540e+01
9.156890580993936055e+02 1.873817422860383175e+01
9.156890580993936055e+02 1.555676143930472399e+01
9.156800542718541465e+02 1.291549665014882997e+01
9.151783622173918502e+02 1.072267222010323096e+01
9.146883309892609759e+02 8.902150854450393780e+00
9.142563893182428956e+02 7.390722033525776169e+00
9.142563893182428956e+02 6.135907273413176100e+00
9.142563893182428956e+02 5.094138014816375737e+00
9.142563893182428956e+02 4.229242874389499640e+00
9.142563782911539647e+02 3.511191734215127980e+00
9.141644925662626520e+02 2.915053062825175623e+00
9.132074203779224035e+02 2.420128264794383810e+00
9.122623600868661242e+02 2.009233002565046000e+00
9.113292511893172332e+02 1.668100537200059241e+00
9.092595003089770671e+02 1.384886371393871718e+00
9.075620483755219539e+02 1.149756995397735793e+00
9.060228363950366202e+02 9.545484566618328559e-01
9.041870349870318933e+02 7.924828983539170535e-01
9.026834436372005257e+02 6.579332246575683163e-01
9.020987508039894465e+02 5.462277217684337050e-01
9.013675972126063698e+02 4.534878508128582508e-01
8.998434093764036561e+02 3.764935806792471529e-01
8.981032016651876120e+02 3.125715849688235348e-01
8.962263228600029379e+02 2.595024211399732383e-01
8.947455210809546315e+02 2.154434690031882260e-01
8.928501231760982364e+02 1.788649529057435295e-01
8.909503316091946772e+02 1.484968262254463545e-01
8.895826035539766963e+02 1.232846739442065992e-01
8.881034821256197347e+02 1.023531021899027060e-01
8.858979810183601558e+02 8.497534359086438005e-02
8.837926460046707007e+02 7.054802310718638614e-02
8.818047017239689467e+02 5.857020818056662276e-02
8.801880222306401720e+02 4.862601580065348955e-02
8.788104537361434723e+02 4.037017258596554276e-02
8.775002281735947918e+02 3.351602650938841077e-02
8.763902118668146386e+02 2.782559402207123583e-02
8.752233191030579746e+02 2.310129700083158460e-02
8.739844546249331643e+02 1.917910261672486905e-02
8.726691407513691274e+02 1.592282793341090810e-02
8.712847207512096475e+02 1.321941148466028795e-02
8.701169368175549153e+02 1.097498765493055625e-02
8.689957194924111263e+02 9.111627561154888796e-03
8.669046675674733251e+02 7.564633275546276195e-03
8.644698046450432685e+02 6.280291441834247486e-03
8.634280806858590722e+02 5.214008287999684008e-03
8.624088604721239335e+02 4.328761281083053081e-03
8.601824944740085357e+02 3.593813663804625805e-03
8.568807668440870202e+02 2.983647240283334324e-03
8.553746505878438029e+02 2.477076355991709132e-03
8.539359334734996310e+02 2.056512308348651657e-03
8.525493443175309949e+02 1.707352647470688914e-03
8.512052119998728585e+02 1.417474162926804808e-03
8.498965838767213654e+02 1.176811952434996802e-03
8.488252152379039899e+02 9.770099572992247371e-04
8.476394150790756612e+02 8.111308307896856031e-04
8.463928480717332832e+02 6.734150657750814697e-04
8.451813956279780768e+02 5.590810182512222660e-04
8.423139260680144389e+02 4.641588833612773522e-04
8.404258962811662741e+02 3.853528593710527734e-04
8.392062848909478134e+02 3.199267137797377888e-04
8.380253913226410987e+02 2.656087782946684275e-04
8.371051466624361410e+02 2.205130739903041258e-04
8.363540658836129751e+02 1.830738280295366339e-04
8.356293388163273903e+02 1.519911082952933351e-04
8.349309654605795004e+02 1.261856883066018585e-04
8.341267909756086283e+02 1.047615752789664132e-04
8.324920125186441737e+02 8.697490026177818155e-05
8.309239597129844697e+02 7.220809018385457615e-05
8.296245591159027981e+02 5.994842503189408905e-05
8.282693294297014290e+02 4.977023564332103795e-05
8.272726279599083909e+02 4.132012400115334376e-05
8.269036845266404043e+02 3.430469286314912652e-05
8.265536612694377254e+02 2.848035868435799396e-05
8.262225581882997858e+02 2.364489412645402454e-05
8.259103752832270402e+02 1.963040650040268496e-05
8.256171125542192613e+02 1.629750834620643783e-05
8.251199598914798798e+02 1.353047774579805024e-05
8.246099611755503247e+02 1.123324032978026594e-05
8.229320931971545861e+02 9.326033468832181083e-06
8.213157503639883998e+02 7.742636826811263341e-06
8.203180897852798807e+02 6.428073117284306733e-06
8.191734663121978883e+02 5.336699231206302861e-06
8.174885135623007955e+02 4.430621457583878230e-06
8.164567684188403973e+02 3.678379771828626713e-06
8.161784518651409144e+02 3.053855508833412725e-06
8.159703165031421577e+02 2.535364493970106576e-06
8.157157648161106636e+02 2.104904144512017605e-06
8.153189263992532005e+02 1.747528400007683116e-06
8.150511372913571222e+02 1.450828778495937304e-06
8.149672920367898996e+02 1.204503540258781267e-06
8.147842149417425617e+02 1.000000000000000167e-06
