1.412309284933975505e+03 1.000000000000000142e+02
1.412309284933975505e+03 8.302175681319752698e+01
1.412309284933975505e+03 6.892612104349696267e+01
1.412309284933975505e+03 5.722367659350220492e+01
1.412309284933975505e+03 4.750810162102794010e+01
1.412309284933975505e+03 3.944206059437656364e+01
1.412309284933975505e+03 3.274549162877731590e+01
1.412309284933975505e+03 2.718588242732940330e+01
1.412309283042501647e+03 2.257019719633921540e+01
1.412309243622370104e+03 1.873817422860383175e+01
1.412192725776850011e+03 1.555676143930472399e+01
1.412192549261262229e+03 1.291549665014882997e+01
1.412191649485427888e+03 1.072267222010323096e+01
1.411882511485327313e+03 8.902150854450393780e+00
1.399336897199974828e+03 7.390722033525776169e+00
1.398342062223642188e+03 6.135907273413176100e+00
1.393991321665174837e+03 5.094138014816375737e+00
1.392247962169199809e+03 4.229242874389499640e+00
1.389265901922297189e+03 3.511191734215127980e+00
1.385101465701564393e+03 2.915053062825175623e+00
1.381056658659617824e+03 2.420128264794383810e+00
1.372102915458215421e+03 2.009233002565046000e+00
1.368278365984243237e+03 1.668100537200059241e+00
1.363368524301241678e+03 1.384886371393871718e+00
1.362359548028541894e+03 1.149756995397735793e+00
1.361763047485775814e+03 9.545484566618328559e-01
1.357497750819645717e+03 7.924828983539170535e-01
1.352902881310510111e+03 6.579332246575683163e-01
1.348246104319861161e+03 5.462277217684337050e-01
1.346007791701051019e+03 4.534878508128582508e-01
1.337559951485121701e+03 3.764935806792471529e-01
1.328781712201139044e+03 3.125715849688235348e-01
1.326836112913107172e+03 2.595024211399732383e-01
1.323894365377709846e+03 2.154434690031882260e-01
1.312375751385687408e+03 1.788649529057435295e-01
1.304315095776271846e+03 1.484968262254463545e-01
1.298175274648411687e+03 1.232846739442065992e-01
1.290600272192258899e+03 1.023531021899027060e-01
1.286094243504881888e+03 8.497534359086438005e-02
1.274881232840962412e+03 7.054802310718638614e-02
1.263664595782514198e+03 5.857020818056662276e-02
1.261778127310009040e+03 4.862601580065348955e-02
1.257289644442577128e+03 4.037017258596554276e-02
1.250689739311294488e+03 3.351602650938841077e-02
1.247866611476129492e+03 2.782559402207123583e-02
1.240166522411242795e+03 2.310129700083158460e-02
1.226860296147800909e+03 1.917910261672486905e-02
1.221153811314068889e+03 1.592282793341090810e-02
1.217428196414193962e+03 1.321941148466028795e-02
1.214581462582021686e+03 1.097498765493055625e-02
1.211434778801606853e+03 9.111627561154888796e-03
1.206723577341890405e+03 7.564633275546276195e-03
1.204698333540532076e+03 6.280291441834247486e-03
1.199300624977570351e+03 5.214008287999684008e-03
1.194498653684603823e+03 4.328761281083053081e-03
1.185234015386263081e+03 3.593813663804625805e-03
1.179892138232407433e+03 2.983647240283334324e-03
1.176116185883942762e+03 2.477076355991709132e-03
1.167217661644395321e+03 2.056512308348651657e-03
1.161455471926324662e+03 1.707352647470688914e-03
1.156415523993713123e+03 1.417474162926804808e-03
1.151448011328524899e+03 1.176811952434996802e-03
1.146609524966328536e+03 9.770099572992247371e-04
1.141155281763426729e+03 8.111308307896856031e-04
1.139075667012735266e+03 6.734150657750814697e-04
1.135773164454692960e+03 5.590810182512222660e-04
1.130484207103921790e+03 4.641588833612773522e-04
1.127871280087049172e+03 3.853528593710527734e-04
1.122255340058689626e+03 3.199267137797377888e-04
1.117032595315448589e+03 2.656087782946684275e-04
1.112491675623424499e+03 2.205130739903041258e-04
1.107853935016673404e+03 1.830738280295366339e-04
1.104843468204878036e+03 1.519911082952933351e-04
1.101901910979635431e+03 1.261856883066018585e-04
1.098611740253341850e+03 1.047615752789664132e-04
1.095295832854916398e+03 8.697490026177818155e-05
1.094004785216809296e+03 7.220809018385457615e-05
1.091584678590951171e+03 5.994842503189408905e-05
1.086741320378087266e+03 4.977023564332103795e-05
1.082655914426284426e+03 4.132012400115334376e-05
1.080511421482637843e+03 3.430469286314912652e-05
1.079446313173669751e+03 2.848035868435799396e-05
1.076935321350703362e+03 2.364489412645402454e-05
1.074806387351336753e+03 1.963040650040268496e-05
1.072325131692418609e+03 1.629750834620643783e-05
1.070935598261580026e+03 1.353047774579805024e-05
1.069193743171189453e+03 1.123324032978026594e-05
1.068838982608073138e+03 9.326033468832181083e-06
1.068538010297152141e+03 7.742636826811263341e-06
1.065076279972881593e+03 6.428073117284306733e-06
1.064407997424553514e+03 5.336699231206302861e-06
1.063809953380078241e+03 4.430621457583878230e-06
1.063281962276502099e+03 3.678379771828626713e-06
1.062823583087983707e+03 3.053855508833412725e-06
1.062433875412067891e+03 2.535364493970106576e-06
1.062111040013681759e+03 2.104904144512017605e-06
1.060962279447423725e+03 1.747528400007683116e-06
1.059861491089387755e+03 1.450828778495937304e-06
1.059470437929247510e+03 1.204503540258781267e-06
1.059417849853077087e+03 1.000000000000000167e-06
