2.934840903923931364e+03 1.000000000000000142e+02
2.934840903923931364e+03 8.302175681319752698e+01
2.934840903923931364e+03 6.892612104349696267e+01
2.934840903923931364e+03 5.722367659350220492e+01
2.934840903923931364e+03 4.750810162102794010e+01
2.934840903923931364e+03 3.944206059437656364e+01
2.934840903923931364e+03 3.274549162877731590e+01
2.934840903923931364e+03 2.718588242732940330e+01
2.931938189956967108e+03 2.257019719633921540e+01
2.926211049805488074e+03 1.873817422860383175e+01
2.919000221403477553e+03 1.555676143930472399e+01
2.903841829292417970e+03 1.291549665014882997e+01
2.875420598224152400e+03 1.072267222010323096e+01
2.832898222187053307e+03 8.902150854450393780e+00
2.811738287798592864e+03 7.390722033525776169e+00
2.795913143247575590e+03 6.135907273413176100e+00
2.779158648373929736e+03 5.094138014816375737e+00
2.767388243015066109e+03 4.229242874389499640e+00
2.754118206936013848e+03 3.511191734215127980e+00
2.751140626739176241e+03 2.915053062825175623e+00
2.746522497296114125e+03 2.420128264794383810e+00
2.718222841959637663e+03 2.009233002565046000e+00
2.651028866345239749e+03 1.668100537200059241e+00
2.624824752652871211e+03 1.384886371393871718e+00
2.591241601776962852e+03 1.149756995397735793e+00
2.451894787444433405e+03 9.545484566618328559e-01
2.392660199828981149e+03 7.924828983539170535e-01
2.374976270458649196e+03 6.579332246575683163e-01
2.356357448893592846e+03 5.462277217684337050e-01
2.322674543688372069e+03 4.534878508128582508e-01
2.270717109772901495e+03 3.764935806792471529e-01
2.196440424971269294e+03 3.125715849688235348e-01
2.159106185383470802e+03 2.595024211399732383e-01
2.135255879047556391e+03 2.154434690031882260e-01
2.099109121943118680e+03 1.788649529057435295e-01
2.070445064132580683e+03 1.484968262254463545e-01
2.041112848519130466e+03 1.232846739442065992e-01
1.993069870760191634e+03 1.023531021899027060e-01
1.967821772583183701e+03 8.497534359086438005e-02
1.934825080882159455e+03 7.054802310718638614e-02
1.899694492166424197e+03 5.857020818056662276e-02
1.878399259842116862e+03 4.862601580065348955e-02
1.861726610667537670e+03 4.037017258596554276e-02
1.842114708041762242e+03 3.351602650938841077e-02
1.827959385421265324e+03 2.782559402207123583e-02
1.814141486426946130e+03 2.310129700083158460e-02
1.800664840613733986e+03 1.917910261672486905e-02
1.787530870436887199e+03 1.592282793341090810e-02
1.774740045382141489e+03 1.321941148466028795e-02
1.762292543542418798e+03 1.097498765493055625e-02
1.747237752407064363e+03 9.111627561154888796e-03
1.726002168622007957e+03 7.564633275546276195e-03
1.713692474140906370e+03 6.280291441834247486e-03
1.696951696031195297e+03 5.214008287999684008e-03
1.679581163137814883e+03 4.328761281083053081e-03
1.656392031288292173e+03 3.593813663804625805e-03
1.646220871160368233e+03 2.983647240283334324e-03
1.630803094728110409e+03 2.477076355991709132e-03
1.614783306417656377e+03 2.056512308348651657e-03
1.604938769705892582e+03 1.707352647470688914e-03
1.594047761136764620e+03 1.417474162926804808e-03
1.587401585240541863e+03 1.176811952434996802e-03
1.578759089566247894e+03 9.770099572992247371e-04
1.574656782184025360e+03 8.111308307896856031e-04
1.569058347161386337e+03 6.734150657750814697e-04
1.561323477186384252e+03 5.590810182512222660e-04
1.555071262059212813e+03 4.641588833612773522e-04
1.551696195102103729e+03 3.853528593710527734e-04
1.548127962551963947e+03 3.199267137797377888e-04
1.546336297532448498e+03 2.656087782946684275e-04
1.544925826191725264e+03 2.205130739903041258e-04
1.543563167438823029e+03 1.830738280295366339e-04
1.542248321273742249e+03 1.519911082952933351e-04
1.540141326872191939e+03 1.261856883066018585e-04
1.537009863487406164e+03 1.047615752789664132e-04
1.534612862435366878e+03 8.697490026177818155e-05
1.533796752637030295e+03 7.220809018385457615e-05
1.532693721624684486e+03 5.994842503189408905e-05
1.529398684628234605e+03 4.977023564332103795e-05
1.528896025331291412e+03 4.132012400115334376e-05
1.527491201038516238e+03 3.430469286314912652e-05
1.525551930976728272e+03 2.848035868435799396e-05
1.523717890955075518e+03 2.364489412645402454e-05
1.522162947377456703e+03 1.963040650040268496e-05
1.521672587373417855e+03 1.629750834620643783e-05
1.518851751487747151e+03 1.353047774579805024e-05
1.515836799232306021e+03 1.123324032978026594e-05
1.515273753864397349e+03 9.326033468832181083e-06
1.514777322957985461e+03 7.742636826811263341e-06
1.514324054491504512e+03 6.428073117284306733e-06
1.513913933913029950e+03 5.336699231206302861e-06
1.513474935659099856e+03 4.430621457583878230e-06
1.512558943242331452e+03 3.678379771828626713e-06
1.511763717985990752e+03 3.053855508833412725e-06
1.511087628420319334e+03 2.535364493970106576e-06
1.510527553118324477e+03 2.104904144512017605e-06
1.510078132946272035e+03 1.747528400007683116e-06
1.509731110556992235e+03 1.450828778495937304e-06
1.509475067111537555e+03 1.204503540258781267e-06
1.509295829581472162e+03 1.000000000000000167e-06
