1.822918983425795432e+03 1.000000000000000142e+02
1.821568219034428012e+03 8.302175681319752698e+01
1.821501888305604780e+03 6.892612104349696267e+01
1.821501888305604780e+03 5.722367659350220492e+01
1.819998472546482844e+03 4.750810162102794010e+01
1.813810071740520243e+03 3.944206059437656364e+01
1.810317390727274869e+03 3.274549162877731590e+01
1.806843717334380017e+03 2.718588242732940330e+01
1.804297224464776036e+03 2.257019719633921540e+01
1.796885864462051813e+03 1.873817422860383175e+01
1.793994636193110864e+03 1.555676143930472399e+01
1.791137573725330640e+03 1.291549665014882997e+01
1.788642747769887819e+03 1.072267222010323096e+01
1.787143505079421175e+03 8.902150854450393780e+00
1.780631528041908496e+03 7.390722033525776169e+00
1.770539016001194796e+03 6.135907273413176100e+00
1.761132933826830595e+03 5.094138014816375737e+00
1.753266845823247422e+03 4.229242874389499640e+00
1.721611597456415893e+03 3.511191734215127980e+00
1.707435461976699571e+03 2.915053062825175623e+00
1.705159709853336608e+03 2.420128264794383810e+00
1.698236720510877831e+03 2.009233002565046000e+00
1.695257210445927058e+03 1.668100537200059241e+00
1.686418723977973514e+03 1.384886371393871718e+00
1.683554976893710091e+03 1.149756995397735793e+00
1.680929968120625972e+03 9.545484566618328559e-01
1.674230870532550171e+03 7.924828983539170535e-01
1.664260473225162286e+03 6.579332246575683163e-01
1.657549557442885998e+03 5.462277217684337050e-01
1.642891766693171803e+03 4.534878508128582508e-01
1.635783991408116208e+03 3.764935806792471529e-01
1.625886927737686619e+03 3.125715849688235348e-01
1.616353622904028043e+03 2.595024211399732383e-01
1.605387918655274916e+03 2.154434690031882260e-01
1.590744685185258504e+03 1.788649529057435295e-01
1.581541679590746071e+03 1.484968262254463545e-01
1.578201301258075773e+03 1.232846739442065992e-01
1.572037359558436947e+03 1.023531021899027060e-01
1.569259200998037613e+03 8.497534359086438005e-02
1.562562862142073300e+03 7.054802310718638614e-02
1.546551596362448436e+03 5.857020818056662276e-02
1.544625360568906899e+03 4.862601580065348955e-02
1.542203880635534915e+03 4.037017258596554276e-02
1.533400245176266253e+03 3.351602650938841077e-02
1.528789638491819915e+03 2.782559402207123583e-02
1.522531603686103608e+03 2.310129700083158460e-02
1.517194448729680516e+03 1.917910261672486905e-02
1.512364216265580581e+03 1.592282793341090810e-02
1.508015430649759537e+03 1.321941148466028795e-02
1.499371464620380493e+03 1.097498765493055625e-02
1.493948034941629658e+03 9.111627561154888796e-03
1.489804925957823571e+03 7.564633275546276195e-03
1.484917691068799286e+03 6.280291441834247486e-03
1.479673577083463215e+03 5.214008287999684008e-03
1.475512782848967390e+03 4.328761281083053081e-03
1.468597726024962412e+03 3.593813663804625805e-03
1.462025673285203538e+03 2.983647240283334324e-03
1.456784348465617313e+03 2.477076355991709132e-03
1.453790145971395987e+03 2.056512308348651657e-03
1.452763315649742253e+03 1.707352647470688914e-03
1.448098806664782387e+03 1.417474162926804808e-03
1.445007247270809330e+03 1.176811952434996802e-03
1.438239736141342746e+03 9.770099572992247371e-04
1.427185961092131038e+03 8.111308307896856031e-04
1.421030864315954659e+03 6.734150657750814697e-04
1.414850048046647771e+03 5.590810182512222660e-04
1.405855420085819333e+03 4.641588833612773522e-04
1.403397975289761689e+03 3.853528593710527734e-04
1.401070660856417589e+03 3.199267137797377888e-04
1.400035998930814912e+03 2.656087782946684275e-04
1.399064009002584044e+03 2.205130739903041258e-04
1.396631069898556916e+03 1.830738280295366339e-04
1.390555972645020802e+03 1.519911082952933351e-04
1.389856794693127540e+03 1.261856883066018585e-04
1.388026348215090820e+03 1.047615752789664132e-04
1.387438620165494285e+03 8.697490026177818155e-05
1.385035604120298785e+03 7.220809018385457615e-05
1.380858038216678324e+03 5.994842503189408905e-05
1.379969422659780776e+03 4.977023564332103795e-05
1.379242704187873187e+03 4.132012400115334376e-05
1.378550852331999522e+03 3.430469286314912652e-05
1.377020495743875244e+03 2.848035868435799396e-05
1.374321164647067008e+03 2.364489412645402454e-05
1.372847600669716257e+03 1.963040650040268496e-05
1.368280375352533156e+03 1.629750834620643783e-05
1.366178639171723944e+03 1.353047774579805024e-05
1.364987269291763823e+03 1.123324032978026594e-05
1.363790071139096199e+03 9.326033468832181083e-06
1.362476673784005470e+03 7.742636826811263341e-06
1.361277470435999476e+03 6.428073117284306733e-06
1.360340691992407983e+03 5.336699231206302861e-06
1.359720811052956151e+03 4.430621457583878230e-06
1.359173540957499654e+03 3.678379771828626713e-06
1.358836286892799535e+03 3.053855508833412725e-06
1.358660507190622411e+03 2.535364493970106576e-06
1.357327955974013321e+03 2.104904144512017605e-06
1.356275612569163968e+03 1.747528400007683116e-06
1.355787307774049623e+03 1.450828778495937304e-06
1.355427021965308313e+03 1.204503540258781267e-06
1.355174811882906624e+03 1.000000000000000167e-06
