5.511000000000000343e-01 1.480834354557638601e-02
5.531000000000000361e-01 1.481067964349542382e-02
5.554999999999999938e-01 1.481357819629461683e-02
5.598999999999999533e-01 1.481960955244715147e-02
5.608999999999998431e-01 1.482098589375168210e-02
5.643000000000000238e-01 1.482631675583944222e-02
5.684999999999998943e-01 1.483156932149805318e-02
5.686999999999999833e-01 1.483196778593768098e-02
5.765000000000000124e-01 1.485039818674214335e-02
5.843000000000000416e-01 1.489018038247223730e-02
5.920999999999999597e-01 1.493098448535808316e-02
5.998999999999999888e-01 1.484747050791550109e-02
6.077000000000000179e-01 1.482722609108806308e-02
6.154999999999999361e-01 1.481180611250175125e-02
6.232999999999999652e-01 1.480037584872997622e-02
6.310999999999999943e-01 1.478995870488893777e-02
6.389000000000000234e-01 1.478056398717239248e-02
6.466999999999999416e-01 1.477224509176961256e-02
6.544999999999999707e-01 1.476529585167959784e-02
6.622999999999999998e-01 1.475768138392667857e-02
6.701999999999999069e-01 1.475143599317617002e-02
6.780000000000000471e-01 1.474572950630872667e-02
6.857999999999999652e-01 1.474236704130168878e-02
6.935999999999998833e-01 1.474252756616507842e-02
7.013999999999999124e-01 1.474020694738918495e-02
7.092000000000000526e-01 1.473786750625761220e-02
7.169999999999999707e-01 1.474012190599517658e-02
7.247999999999998888e-01 1.474045894704505318e-02
7.327000000000000179e-01 1.474285764581633427e-02
7.405000000000000471e-01 1.474841383297290608e-02
7.482999999999998542e-01 1.475948398839232491e-02
7.560999999999999943e-01 1.477168060814794404e-02
7.639000000000000234e-01 1.484069931232938691e-02
7.717000000000000526e-01 1.483540114672120790e-02
7.795999999999999597e-01 1.476271031932207753e-02
7.873999999999999888e-01 1.474680521444221917e-02
7.952000000000000179e-01 1.473555772805463550e-02
8.029999999999999361e-01 1.472650705001226495e-02
8.107999999999999652e-01 1.472120430499826785e-02
8.185999999999999943e-01 1.471337139254625705e-02
8.263999999999999124e-01 1.470642909097346143e-02
8.343000000000000416e-01 1.470078237531612098e-02
8.538000000000000034e-01 1.468816105264144321e-02
8.850999999999999979e-01 1.467266420794597660e-02
9.162999999999998924e-01 1.466831905009258370e-02
9.474999999999998979e-01 1.467755375308307277e-02
