3.071999999999999176e-01 1.504607586264083627e-02
3.246999999999999886e-01 1.502136843105009167e-02
3.378999999999999782e-01 1.499986742094626575e-02
3.467000000000000082e-01 1.498551569947112645e-02
3.554999999999999827e-01 1.496999209753176532e-02
3.643000000000000127e-01 1.495419586356771732e-02
3.730999999999999872e-01 1.493831932102589015e-02
3.796999999999999265e-01 1.492621156321568415e-02
3.840999999999999970e-01 1.491840622742058101e-02
3.885000000000000120e-01 1.491065048615712596e-02
3.929000000000000270e-01 1.490279336983855486e-02
3.972999999999999865e-01 1.489486704180105481e-02
4.017000000000000015e-01 1.488709664541001607e-02
4.061000000000000165e-01 1.487950463479565007e-02
4.104999999999999760e-01 1.487211442951667795e-02
4.148999999999999910e-01 1.486446180261248411e-02
4.193000000000000060e-01 1.485701994446945312e-02
4.237000000000000210e-01 1.484966505922221194e-02
4.280999999999999805e-01 1.484229283119128072e-02
4.324999999999999956e-01 1.483500453171712752e-02
4.369000000000000106e-01 1.482812657110860015e-02
4.413000000000000256e-01 1.482077001783053266e-02
4.456999999999999851e-01 1.481347174964308538e-02
4.501000000000000001e-01 1.480654208721471701e-02
4.545000000000000151e-01 1.479975605204433484e-02
4.588999999999999746e-01 1.479307326135687398e-02
4.632999999999999896e-01 1.478625045892990007e-02
4.677000000000000046e-01 1.477960120393962719e-02
4.721000000000000196e-01 1.477278275395469374e-02
4.764999999999999791e-01 1.476579214679766758e-02
4.809000000000000496e-01 1.475937534484280181e-02
4.853000000000000647e-01 1.475286840074413464e-02
4.897000000000000242e-01 1.474654958903349675e-02
4.940999999999999837e-01 1.474007889662607915e-02
4.984999999999999432e-01 1.473599108563453976e-02
5.029000000000000137e-01 1.473628077787495633e-02
5.071999999999999842e-01 1.474547442889174304e-02
5.116000000000000547e-01 1.476020253272403680e-02
5.160000000000000142e-01 1.477340212659883183e-02
5.203999999999999737e-01 1.477751405940476957e-02
5.248000000000000442e-01 1.478092473425558599e-02
5.291999999999998927e-01 1.478442142321876804e-02
5.335999999999999632e-01 1.478825671230053762e-02
5.379999999999999227e-01 1.479277080470944340e-02
5.423999999999999932e-01 1.479782094435093051e-02
5.453000000000000069e-01 1.480090747180628531e-02
5.466999999999999638e-01 1.480272209725444314e-02
