1.121699999999999697e+00 1.467564108965403909e-02
1.140200000000000102e+00 1.466484385392689480e-02
1.158800000000000052e+00 1.465901261498527008e-02
1.177400000000000002e+00 1.466028890211218232e-02
1.195899999999999741e+00 1.464157085790552745e-02
1.214499999999999691e+00 1.462412132896272025e-02
1.233000000000000096e+00 1.461326965477005059e-02
1.251600000000000046e+00 1.459487811566766505e-02
1.270199999999999996e+00 1.459163872147371116e-02
1.288699999999999735e+00 1.458753915726655574e-02
1.307299999999999685e+00 1.460718396607843181e-02
1.325900000000000079e+00 1.465904852038807209e-02
1.344400000000000039e+00 1.475665409671276899e-02
1.362999999999999989e+00 1.477410415219172247e-02
1.381499999999999728e+00 1.472487376548631786e-02
1.400099999999999678e+00 1.477061124840207094e-02
1.418700000000000072e+00 1.480261908491060929e-02
1.437200000000000033e+00 1.479265387421320292e-02
1.455799999999999983e+00 1.475484220896081979e-02
1.474399999999999711e+00 1.476535706722780124e-02
1.492899999999999894e+00 1.474245089919044849e-02
1.511500000000000066e+00 1.471876299077321502e-02
1.530000000000000027e+00 1.472363736231198199e-02
1.548599999999999977e+00 1.469751493416372387e-02
1.567199999999999704e+00 1.469220127799211566e-02
1.585700000000000109e+00 1.468315554703754529e-02
1.604300000000000059e+00 1.465278807063085699e-02
1.622900000000000009e+00 1.464540027782050731e-02
1.639100000000000001e+00 1.463605750708076199e-02
