1.130000000000001226e+00 1.607660645810827377e-02
1.149415766041918419e+00 1.608321171778510916e-02
1.169165135597989291e+00 1.609043439078676474e-02
1.189253840675102314e+00 1.609761286132391916e-02
1.209687711768022034e+00 1.610441674645388815e-02
1.230472679551623649e+00 1.611151036222889174e-02
1.251614776602194778e+00 1.611819883439249979e-02
1.273120139148311569e+00 1.612498559724602834e-02
1.294995008851812957e+00 1.613206146662630666e-02
1.317245734619350461e+00 1.613926100462511129e-02
1.339878774445087073e+00 1.614621553641825205e-02
1.362900697285048812e+00 1.615362473426075821e-02
1.386318184963678979e+00 1.616068914714563487e-02
1.410138034113157079e+00 1.616761612791493830e-02
1.434367158146032883e+00 1.617497827029943519e-02
1.459012589261761583e+00 1.618193963881137121e-02
1.484081480487706495e+00 1.618912100353767786e-02
1.509581107755221252e+00 1.619610116714794573e-02
1.535518872011392366e+00 1.620336727802329166e-02
1.561902301367072532e+00 1.621013238836361420e-02
1.588739053281829294e+00 1.621729221876754348e-02
1.616036916786410815e+00 1.622396503439902521e-02
1.643803814743425074e+00 1.623077663041021593e-02
1.672047806146849114e+00 1.623724351128067941e-02
1.700777088461051134e+00 1.624401766592488763e-02
1.729999999999999982e+00 1.625083324452828576e-02
