5.900000000000000799e-01 1.584492319120505560e-02
6.235095244242215839e-01 1.585993612130972771e-02
6.589222492334219083e-01 1.587817683260160997e-02
6.963462682238460433e-01 1.589767602843338706e-02
7.358958144658163114e-01 1.591730566659087590e-02
7.776916089887407901e-01 1.594023569865027357e-02
8.218612292699613020e-01 1.595775764704916375e-02
8.685394986522370075e-01 1.597752732054581737e-02
9.178688978784881325e-01 1.599741234577367610e-02
9.700000000000000844e-01 1.601737372040894572e-02
