1.130000000000001226e+00 1.607593645115097669e-02
1.149415766041918419e+00 1.608293199270364668e-02
1.169165135597989291e+00 1.609031245516913747e-02
1.189253840675102314e+00 1.609757815015019217e-02
1.209687711768022034e+00 1.610436842765948853e-02
1.230472679551623649e+00 1.611172684736754401e-02
1.251614776602194778e+00 1.611880069273170443e-02
1.273120139148311569e+00 1.612591741883738494e-02
1.294995008851812957e+00 1.613286184635183418e-02
1.317245734619350461e+00 1.613984694057939845e-02
1.339878774445087073e+00 1.614649094943100549e-02
1.362900697285048812e+00 1.615355416419773232e-02
1.386318184963678979e+00 1.616060888685388885e-02
1.410138034113157079e+00 1.616757168307684372e-02
1.434367158146032883e+00 1.617493956350945714e-02
1.459012589261761583e+00 1.618213503268024767e-02
1.484081480487706495e+00 1.618930407312111144e-02
1.509581107755221252e+00 1.619632853353743587e-02
1.535518872011392366e+00 1.620367440634510464e-02
1.561902301367072532e+00 1.621079560641632000e-02
1.588739053281829294e+00 1.621826496975269441e-02
1.616036916786410815e+00 1.622502396836520908e-02
1.643803814743425074e+00 1.623186711590669795e-02
1.672047806146849114e+00 1.623814808884137609e-02
1.700777088461051134e+00 1.624478185040238720e-02
1.729999999999999982e+00 1.625172900111658547e-02
