3.300000000000001266e-01 1.565837806815778901e-02
3.485606560277109134e-01 1.567459466697372628e-02
3.681652452438438639e-01 1.569110452910466025e-02
3.888724830569613711e-01 1.570664078491942894e-02
4.107443872892715397e-01 1.572267283422618123e-02
4.338464639189354433e-01 1.573909184499857131e-02
4.582479032693546062e-01 1.575563397588356299e-02
4.840217872329977689e-01 1.577250415607352879e-02
5.112453081504213515e-01 1.579106447057143994e-02
5.400000000000000355e-01 1.580978985219386526e-02
