3.300000000000001266e-01 1.567894460599323150e-02
3.485606560277109134e-01 1.568909436185466147e-02
3.681652452438438639e-01 1.569963504289975664e-02
3.888724830569613711e-01 1.571152059916455096e-02
4.107443872892715397e-01 1.572296001129886919e-02
4.338464639189354433e-01 1.573717534330476564e-02
4.582479032693546062e-01 1.575149134918107582e-02
4.840217872329977689e-01 1.576689904835304121e-02
5.112453081504213515e-01 1.578330656072784999e-02
5.400000000000000355e-01 1.579968209316237951e-02
