5.900000000000000799e-01 1.583002516628125023e-02
6.235095244242215839e-01 1.584591602393372808e-02
6.589222492334219083e-01 1.586363742564976184e-02
6.963462682238460433e-01 1.588354900963994190e-02
7.358958144658163114e-01 1.590383143663912091e-02
7.776916089887407901e-01 1.592571420506863622e-02
8.218612292699613020e-01 1.594573840181471788e-02
8.685394986522370075e-01 1.596717495785781107e-02
9.178688978784881325e-01 1.598891087302817607e-02
9.700000000000000844e-01 1.601018510761630098e-02
