3.300000000000001266e-01 1.568062465469147876e-02
3.485606560277109134e-01 1.569093834001035470e-02
3.681652452438438639e-01 1.570180739317420665e-02
3.888724830569613711e-01 1.571298211928089800e-02
4.107443872892715397e-01 1.572433780324101332e-02
4.338464639189354433e-01 1.573781869697031197e-02
4.582479032693546062e-01 1.575227970608857053e-02
4.840217872329977689e-01 1.576698365542647182e-02
5.112453081504213515e-01 1.578465866694498537e-02
5.400000000000000355e-01 1.580176493849285574e-02
