5.900000000000000799e-01 1.583382943127514472e-02
6.235095244242215839e-01 1.584787123126965569e-02
6.589222492334219083e-01 1.586573585435760783e-02
6.963462682238460433e-01 1.588553028768015588e-02
7.358958144658163114e-01 1.590633300945740528e-02
7.776916089887407901e-01 1.592933397420444319e-02
8.218612292699613020e-01 1.594826762847350102e-02
8.685394986522370075e-01 1.596988115110867246e-02
9.178688978784881325e-01 1.599164845617995212e-02
9.700000000000000844e-01 1.601272225232484511e-02
