1.130000000000001226e+00 1.607910226771325571e-02
1.149415766041918419e+00 1.608565715395132018e-02
1.169165135597989291e+00 1.609234596574335777e-02
1.189253840675102314e+00 1.609901178720756984e-02
1.209687711768022034e+00 1.610578366508460743e-02
1.230472679551623649e+00 1.611260454585661250e-02
1.251614776602194778e+00 1.611928371031916621e-02
1.273120139148311569e+00 1.612573287285542709e-02
1.294995008851812957e+00 1.613238773520270924e-02
1.317245734619350461e+00 1.613922118340335374e-02
1.339878774445087073e+00 1.614562441074525803e-02
1.362900697285048812e+00 1.615269301754407305e-02
1.386318184963678979e+00 1.615962550251790267e-02
1.410138034113157079e+00 1.616632105017665536e-02
1.434367158146032883e+00 1.617337918821676671e-02
1.459012589261761583e+00 1.618048810215617223e-02
1.484081480487706495e+00 1.618792170505696168e-02
1.509581107755221252e+00 1.619486391515390783e-02
1.535518872011392366e+00 1.620206280522153500e-02
1.561902301367072532e+00 1.620911067797071309e-02
1.588739053281829294e+00 1.621599103216564419e-02
1.616036916786410815e+00 1.622275692554335166e-02
1.643803814743425074e+00 1.622979173878646639e-02
1.672047806146849114e+00 1.623613711320775685e-02
1.700777088461051134e+00 1.624287231041129931e-02
1.729999999999999982e+00 1.624981002709853170e-02
