3.300000000000001266e-01 9.280328013855476676e-03 1.594045318593209290e-02 9.999999999999999124e-05
3.485606560277109134e-01 9.802294608066388498e-03 1.574056808288216980e-02 9.999999999999999124e-05
3.681652452438438639e-01 1.035361890655883688e-02 1.594278994955249454e-02 9.999999999999999124e-05
3.888724830569613711e-01 1.093595211615508433e-02 1.576363156048388864e-02 9.999999999999999124e-05
4.107443872892715397e-01 1.155103831483186329e-02 1.550929258328545036e-02 9.999999999999999124e-05
4.338464639189354433e-01 1.220071967520957625e-02 1.558019113513810922e-02 9.999999999999999124e-05
4.582479032693546062e-01 1.288694198182160910e-02 1.571763920362817188e-02 9.999999999999999124e-05
4.840217872329977689e-01 1.361176045871193008e-02 1.563197569487480981e-02 9.999999999999999124e-05
5.112453081504213515e-01 1.437734592478917550e-02 1.575780861043681383e-02 9.999999999999999124e-05
5.400000000000000355e-01 1.437734592478917550e-02 1.584287481872033790e-02 9.999999999999999124e-05
5.900000000000000799e-01 1.675476221211075201e-02 1.596410055893414739e-02 9.999999999999999124e-05
6.235095244242215839e-01 1.770636240460016220e-02 1.590878804256639842e-02 9.999999999999999124e-05
6.589222492334219083e-01 1.871200949521206747e-02 1.583693794295758933e-02 9.999999999999999124e-05
6.963462682238460433e-01 1.977477312098513407e-02 1.572522233621367546e-02 9.999999999999999124e-05
7.358958144658163114e-01 2.089789726146223936e-02 1.587355717647621900e-02 9.999999999999999124e-05
7.776916089887407901e-01 2.208481014061042247e-02 1.593407112277793469e-02 9.999999999999999124e-05
8.218612292699613020e-01 2.333913469113768624e-02 1.565011522267432606e-02 9.999999999999999124e-05
8.685394986522370075e-01 2.466469961312556247e-02 1.566408107034028899e-02 9.999999999999999124e-05
9.178688978784881325e-01 2.606555106075597594e-02 1.579024032905537375e-02 9.999999999999999124e-05
9.700000000000000844e-01 2.606555106075597594e-02 1.599085357212803524e-02 9.999999999999999124e-05
1.130000000000001226e+00 9.707883020958591250e-03 1.611074060829349036e-02 4.999999999999999562e-05
1.149415766041918419e+00 9.874684778035767649e-03 1.599702972547637977e-02 4.999999999999999562e-05
1.169165135597989291e+00 1.004435253855617827e-02 1.601656313404963006e-02 4.999999999999999562e-05
1.189253840675102314e+00 1.021693554645985470e-02 1.614117825271013662e-02 4.999999999999999562e-05
1.209687711768022034e+00 1.039248389180080778e-02 1.598545138185119077e-02 4.999999999999999562e-05
1.230472679551623649e+00 1.057104852528556460e-02 1.587176584412027663e-02 4.999999999999999562e-05
1.251614776602194778e+00 1.075268127305839538e-02 1.578649131360407298e-02 4.999999999999999562e-05
1.273120139148311569e+00 1.093743485175068843e-02 1.585155593788652520e-02 4.999999999999999562e-05
1.294995008851812957e+00 1.112536288376874717e-02 1.587044254096143733e-02 4.999999999999999562e-05
1.317245734619350461e+00 1.131651991286841685e-02 1.597034391492000230e-02 4.999999999999999562e-05
1.339878774445087073e+00 1.151096141998075861e-02 1.642189736312612419e-02 4.999999999999999562e-05
1.362900697285048812e+00 1.170874383931508160e-02 1.651325368738144200e-02 4.999999999999999562e-05
1.386318184963678979e+00 1.190992457473905031e-02 1.658452497626113770e-02 4.999999999999999562e-05
1.410138034113157079e+00 1.211456201643812403e-02 1.663168579298625674e-02 4.999999999999999562e-05
1.434367158146032883e+00 1.232271555786412440e-02 1.653581681613213936e-02 4.999999999999999562e-05
1.459012589261761583e+00 1.253444561297267258e-02 1.655403696837500979e-02 4.999999999999999562e-05
1.484081480487706495e+00 1.274981363375715659e-02 1.657748189701168870e-02 4.999999999999999562e-05
1.509581107755221252e+00 1.296888212808555707e-02 1.652088894086145912e-02 4.999999999999999562e-05
1.535518872011392366e+00 1.319171467784008289e-02 1.635975434788279267e-02 4.999999999999999562e-05
1.561902301367072532e+00 1.341837595737838118e-02 1.623440648945630865e-02 4.999999999999999562e-05
1.588739053281829294e+00 1.364893175229076050e-02 1.611850236491577451e-02 4.999999999999999562e-05
1.616036916786410815e+00 1.388344897850712391e-02 1.596510074323093109e-02 4.999999999999999562e-05
1.643803814743425074e+00 1.412199570171202012e-02 1.600027655750066446e-02 4.999999999999999562e-05
1.672047806146849114e+00 1.436464115710101019e-02 1.584500536660829462e-02 4.999999999999999562e-05
1.700777088461051134e+00 1.461145576947442404e-02 1.591703626124140944e-02 4.999999999999999562e-05
1.729999999999999982e+00 1.461145576947442404e-02 1.609742433689063598e-02 4.999999999999999562e-05
