1.851254444892923857e+03 1.000000000000000142e+02
1.851122304593334775e+03 8.302175681319752698e+01
1.850459848110263920e+03 6.892612104349696267e+01
1.850401134785347494e+03 5.722367659350220492e+01
1.848416768938611312e+03 4.750810162102794010e+01
1.848406981887333131e+03 3.944206059437656364e+01
1.845030850152099219e+03 3.274549162877731590e+01
1.844979910741612684e+03 2.718588242732940330e+01
1.840023671538055623e+03 2.257019719633921540e+01
1.837386031260264645e+03 1.873817422860383175e+01
1.831059702277228780e+03 1.555676143930472399e+01
1.828196607212506251e+03 1.291549665014882997e+01
1.822798942272459271e+03 1.072267222010323096e+01
1.821264483897448599e+03 8.902150854450393780e+00
1.819377418651037260e+03 7.390722033525776169e+00
1.813819932634954512e+03 6.135907273413176100e+00
1.806131157738308275e+03 5.094138014816375737e+00
1.785998372694053614e+03 4.229242874389499640e+00
1.778476779347157390e+03 3.511191734215127980e+00
1.775679397565997533e+03 2.915053062825175623e+00
1.767839007191440487e+03 2.420128264794383810e+00
1.762114894665527572e+03 2.009233002565046000e+00
1.752052707167615608e+03 1.668100537200059241e+00
1.740295434882593554e+03 1.384886371393871718e+00
1.735652784019464434e+03 1.149756995397735793e+00
1.732215802536443107e+03 9.545484566618328559e-01
1.717203776282758554e+03 7.924828983539170535e-01
1.706275130246021490e+03 6.579332246575683163e-01
1.694730021837919367e+03 5.462277217684337050e-01
1.685986369683964313e+03 4.534878508128582508e-01
1.672644140207454939e+03 3.764935806792471529e-01
1.663535858565429180e+03 3.125715849688235348e-01
1.654673502693526416e+03 2.595024211399732383e-01
1.642575699776936062e+03 2.154434690031882260e-01
1.628678367684260820e+03 1.788649529057435295e-01
1.622519248921011695e+03 1.484968262254463545e-01
1.613915034350908627e+03 1.232846739442065992e-01
1.610472349500553946e+03 1.023531021899027060e-01
1.604826893299075891e+03 8.497534359086438005e-02
1.596244347874512414e+03 7.054802310718638614e-02
1.590261614163497597e+03 5.857020818056662276e-02
1.578022151048055321e+03 4.862601580065348955e-02
1.572579423478380477e+03 4.037017258596554276e-02
1.568157683114135580e+03 3.351602650938841077e-02
1.561044281765501637e+03 2.782559402207123583e-02
1.553995788156623121e+03 2.310129700083158460e-02
1.547472598235341138e+03 1.917910261672486905e-02
1.543539661845537466e+03 1.592282793341090810e-02
1.537820989924289734e+03 1.321941148466028795e-02
1.535232137884478334e+03 1.097498765493055625e-02
1.527463072021533662e+03 9.111627561154888796e-03
1.522793473784655134e+03 7.564633275546276195e-03
1.519423271594948801e+03 6.280291441834247486e-03
1.513856820810859972e+03 5.214008287999684008e-03
1.509244964291752012e+03 4.328761281083053081e-03
1.503990118146697569e+03 3.593813663804625805e-03
1.500983534432074975e+03 2.983647240283334324e-03
1.496694605708206836e+03 2.477076355991709132e-03
1.491463133025329626e+03 2.056512308348651657e-03
1.486880922082521693e+03 1.707352647470688914e-03
1.482018782960898307e+03 1.417474162926804808e-03
1.479584535292366127e+03 1.176811952434996802e-03
1.478114402062876479e+03 9.770099572992247371e-04
1.476029307632551536e+03 8.111308307896856031e-04
1.468872452271222073e+03 6.734150657750814697e-04
1.466035401120556799e+03 5.590810182512222660e-04
1.463791236498350600e+03 4.641588833612773522e-04
1.461295898612422889e+03 3.853528593710527734e-04
1.459374779205662890e+03 3.199267137797377888e-04
1.456080780408125065e+03 2.656087782946684275e-04
1.450943390596746667e+03 2.205130739903041258e-04
1.446182852438544160e+03 1.830738280295366339e-04
1.444996008114748975e+03 1.519911082952933351e-04
1.443178242885625878e+03 1.261856883066018585e-04
1.441017278877802482e+03 1.047615752789664132e-04
1.439780153827685808e+03 8.697490026177818155e-05
1.438639562601131956e+03 7.220809018385457615e-05
1.437339079081191130e+03 5.994842503189408905e-05
1.436077450842225062e+03 4.977023564332103795e-05
1.431704448526523720e+03 4.132012400115334376e-05
1.430081581239347770e+03 3.430469286314912652e-05
1.428424503769616422e+03 2.848035868435799396e-05
1.426845167920562517e+03 2.364489412645402454e-05
1.425520164316711089e+03 1.963040650040268496e-05
1.424640131420316493e+03 1.629750834620643783e-05
1.423310873593983160e+03 1.353047774579805024e-05
1.420978606551580469e+03 1.123324032978026594e-05
1.419367029961026446e+03 9.326033468832181083e-06
1.418905210623475796e+03 7.742636826811263341e-06
1.418531689894983401e+03 6.428073117284306733e-06
1.416971380083023178e+03 5.336699231206302861e-06
1.415900261612935992e+03 4.430621457583878230e-06
1.415507496273845391e+03 3.678379771828626713e-06
1.415166514283446531e+03 3.053855508833412725e-06
1.414876616089252593e+03 2.535364493970106576e-06
1.414636463264974509e+03 2.104904144512017605e-06
1.414446193853436171e+03 1.747528400007683116e-06
1.414310982643928583e+03 1.450828778495937304e-06
1.414211219789958022e+03 1.204503540258781267e-06
1.414141383018677516e+03 1.000000000000000167e-06
