2.653117169987728630e+03 1.000000000000000142e+02
2.645088979288804694e+03 8.302175681319752698e+01
2.636457606331799980e+03 6.892612104349696267e+01
2.635840106450230905e+03 5.722367659350220492e+01
2.634575896616009231e+03 4.750810162102794010e+01
2.632213380228669848e+03 3.944206059437656364e+01
2.628160394436216848e+03 3.274549162877731590e+01
2.621732298190196616e+03 2.718588242732940330e+01
2.612225143701825800e+03 2.257019719633921540e+01
2.598984267861622811e+03 1.873817422860383175e+01
2.559669206287893758e+03 1.555676143930472399e+01
2.498439384942675588e+03 1.291549665014882997e+01
2.438254656650349261e+03 1.072267222010323096e+01
2.419515431462179095e+03 8.902150854450393780e+00
2.400181288824402145e+03 7.390722033525776169e+00
2.378994060012737009e+03 6.135907273413176100e+00
2.359630558050348100e+03 5.094138014816375737e+00
2.334983673096309303e+03 4.229242874389499640e+00
2.291061156224785009e+03 3.511191734215127980e+00
2.266266588957964359e+03 2.915053062825175623e+00
2.243702877023816654e+03 2.420128264794383810e+00
2.231056577538755391e+03 2.009233002565046000e+00
2.210431795129357852e+03 1.668100537200059241e+00
2.187927694227751999e+03 1.384886371393871718e+00
2.181505773341194526e+03 1.149756995397735793e+00
2.167054864197064035e+03 9.545484566618328559e-01
2.115279874402202950e+03 7.924828983539170535e-01
2.088252630333850902e+03 6.579332246575683163e-01
2.086958410757615638e+03 5.462277217684337050e-01
2.071177601762769882e+03 4.534878508128582508e-01
2.066068966832569913e+03 3.764935806792471529e-01
2.038561765304811843e+03 3.125715849688235348e-01
2.036785825037457926e+03 2.595024211399732383e-01
2.035038034705707787e+03 2.154434690031882260e-01
2.033315082402734106e+03 1.788649529057435295e-01
2.030352778804636046e+03 1.484968262254463545e-01
2.017712696213662639e+03 1.232846739442065992e-01
1.998358597574680289e+03 1.023531021899027060e-01
1.975216217887653556e+03 8.497534359086438005e-02
1.956760804980236117e+03 7.054802310718638614e-02
1.938783986714650609e+03 5.857020818056662276e-02
1.915688251248491952e+03 4.862601580065348955e-02
1.890728283787224200e+03 4.037017258596554276e-02
1.867060059397719442e+03 3.351602650938841077e-02
1.837510787823827059e+03 2.782559402207123583e-02
1.814986187434466956e+03 2.310129700083158460e-02
1.795192054420355589e+03 1.917910261672486905e-02
1.767314918580200811e+03 1.592282793341090810e-02
1.755908908100338749e+03 1.321941148466028795e-02
1.740065912755339923e+03 1.097498765493055625e-02
1.726582173278431128e+03 9.111627561154888796e-03
1.711429592931623574e+03 7.564633275546276195e-03
1.695198781856447340e+03 6.280291441834247486e-03
1.678114465284818380e+03 5.214008287999684008e-03
1.661612428699039128e+03 4.328761281083053081e-03
1.651294918786372364e+03 3.593813663804625805e-03
1.644110271577181493e+03 2.983647240283334324e-03
1.632077383417303963e+03 2.477076355991709132e-03
1.619247211406055158e+03 2.056512308348651657e-03
1.605669092365000097e+03 1.707352647470688914e-03
1.597185491014334048e+03 1.417474162926804808e-03
1.590795939081005372e+03 1.176811952434996802e-03
1.582563446059886928e+03 9.770099572992247371e-04
1.577640894453822284e+03 8.111308307896856031e-04
1.572599903205532200e+03 6.734150657750814697e-04
1.568242200620171161e+03 5.590810182512222660e-04
1.564015693045170792e+03 4.641588833612773522e-04
1.561687450320200696e+03 3.853528593710527734e-04
1.559408452890883837e+03 3.199267137797377888e-04
1.557242892733047938e+03 2.656087782946684275e-04
1.555127797865729917e+03 2.205130739903041258e-04
1.552702347275841248e+03 1.830738280295366339e-04
1.551894965422981159e+03 1.519911082952933351e-04
1.550821879820284039e+03 1.261856883066018585e-04
1.549300807604039392e+03 1.047615752789664132e-04
1.545405525219466881e+03 8.697490026177818155e-05
1.543942743470989171e+03 7.220809018385457615e-05
1.542329514471747871e+03 5.994842503189408905e-05
1.540654265097657344e+03 4.977023564332103795e-05
1.536708693703080144e+03 4.132012400115334376e-05
1.533795197757282494e+03 3.430469286314912652e-05
1.532560581890077401e+03 2.848035868435799396e-05
1.531392702015693885e+03 2.364489412645402454e-05
1.530291558134132856e+03 1.963040650040268496e-05
1.528635093189888948e+03 1.629750834620643783e-05
1.526582919374669245e+03 1.353047774579805024e-05
1.524672274788084678e+03 1.123324032978026594e-05
1.523092738505735269e+03 9.326033468832181083e-06
1.522111990300224079e+03 7.742636826811263341e-06
1.519850603508880567e+03 6.428073117284306733e-06
1.518636202407730934e+03 5.336699231206302861e-06
1.518235469273489571e+03 4.430621457583878230e-06
1.517881676719676079e+03 3.678379771828626713e-06
1.517574529226806817e+03 3.053855508833412725e-06
1.517313396656638361e+03 2.535364493970106576e-06
1.517097073390426658e+03 2.104904144512017605e-06
1.516923489518447695e+03 1.747528400007683116e-06
1.516789455726151800e+03 1.450828778495937304e-06
1.516690561605636958e+03 1.204503540258781267e-06
1.516621332971927359e+03 1.000000000000000167e-06
