3.071999999999999176e-01 1.490726448717999593e-02
3.246999999999999886e-01 1.489770595436427404e-02
3.378999999999999782e-01 1.489077058914737087e-02
3.467000000000000082e-01 1.488612817601855758e-02
3.554999999999999827e-01 1.488180393309754962e-02
3.643000000000000127e-01 1.487748023602907151e-02
3.730999999999999872e-01 1.487321264744883610e-02
3.796999999999999265e-01 1.487009223270785614e-02
3.840999999999999970e-01 1.486796474900142252e-02
3.885000000000000120e-01 1.486593605272528221e-02
3.929000000000000270e-01 1.486363406696393323e-02
3.972999999999999865e-01 1.486169515245073375e-02
4.017000000000000015e-01 1.485965991151133418e-02
4.061000000000000165e-01 1.485770299401614584e-02
4.104999999999999760e-01 1.485585273072471957e-02
4.148999999999999910e-01 1.485389903604090144e-02
4.193000000000000060e-01 1.485194883870989864e-02
4.237000000000000210e-01 1.485011065813000505e-02
4.280999999999999805e-01 1.484832014420309730e-02
4.324999999999999956e-01 1.484645569092431401e-02
4.369000000000000106e-01 1.484479013084770774e-02
4.413000000000000256e-01 1.484294381780993342e-02
4.456999999999999851e-01 1.484128021530147466e-02
4.501000000000000001e-01 1.483954174958312770e-02
4.545000000000000151e-01 1.483796497907947584e-02
4.588999999999999746e-01 1.483607681714761706e-02
4.632999999999999896e-01 1.483415694893691454e-02
4.677000000000000046e-01 1.483212163128442770e-02
4.721000000000000196e-01 1.483041428660776540e-02
4.764999999999999791e-01 1.482875049437929436e-02
4.809000000000000496e-01 1.482698363632742496e-02
4.853000000000000647e-01 1.482528142814709682e-02
4.897000000000000242e-01 1.482363065583169881e-02
4.940999999999999837e-01 1.482182744996023149e-02
4.984999999999999432e-01 1.482033210123297889e-02
5.029000000000000137e-01 1.481840580025729943e-02
5.071999999999999842e-01 1.481691341622511961e-02
5.116000000000000547e-01 1.481524811441363790e-02
5.160000000000000142e-01 1.481359707608832441e-02
5.203999999999999737e-01 1.481206612935087770e-02
5.248000000000000442e-01 1.481050825051092798e-02
5.291999999999998927e-01 1.480889894307071443e-02
5.335999999999999632e-01 1.480726633489190362e-02
5.379999999999999227e-01 1.480557272130261434e-02
5.423999999999999932e-01 1.480418431474457910e-02
5.453000000000000069e-01 1.480319964890356062e-02
5.466999999999999638e-01 1.480265511236617849e-02
