1.121699999999999697e+00 1.467919376243475085e-02
1.140200000000000102e+00 1.467059991580449245e-02
1.158800000000000052e+00 1.466367597884276480e-02
1.177400000000000002e+00 1.466377562110066091e-02
1.195899999999999741e+00 1.464638563230388421e-02
1.214499999999999691e+00 1.462978397299472162e-02
1.233000000000000096e+00 1.461838885113742742e-02
1.251600000000000046e+00 1.460178849715902671e-02
1.270199999999999996e+00 1.459897932342362273e-02
1.288699999999999735e+00 1.459246239819971327e-02
1.307299999999999685e+00 1.460908574802364732e-02
1.325900000000000079e+00 1.465756039227638328e-02
1.344400000000000039e+00 1.475194543095975468e-02
1.362999999999999989e+00 1.476726793755897722e-02
1.381499999999999728e+00 1.471987230721888244e-02
1.400099999999999678e+00 1.476405113569095179e-02
1.418700000000000072e+00 1.479570152178025753e-02
1.437200000000000033e+00 1.478631067858738636e-02
1.455799999999999983e+00 1.475004574861576989e-02
1.474399999999999711e+00 1.475842291978596288e-02
1.492899999999999894e+00 1.473800573468857754e-02
1.511500000000000066e+00 1.471216231623668873e-02
1.530000000000000027e+00 1.471827087819980659e-02
1.548599999999999977e+00 1.469170025594815007e-02
1.567199999999999704e+00 1.468862315796823532e-02
1.585700000000000109e+00 1.468153710501217922e-02
1.604300000000000059e+00 1.465305256471332966e-02
1.622900000000000009e+00 1.464476024507957962e-02
1.639100000000000001e+00 1.463510046677125691e-02
