9.503541296864791548e+02 1.000000000000000142e+02
9.503539588118430856e+02 8.302175681319752698e+01
9.503533480718286910e+02 6.892612104349696267e+01
9.503514526650743619e+02 5.722367659350220492e+01
9.503461994091895804e+02 4.750810162102794010e+01
9.503330952688545494e+02 3.944206059437656364e+01
9.503035805174935149e+02 3.274549162877731590e+01
9.502434195922105573e+02 2.718588242732940330e+01
9.501321762701493299e+02 2.257019719633921540e+01
9.499450286553930027e+02 1.873817422860383175e+01
9.496575099334579591e+02 1.555676143930472399e+01
9.492521709687684961e+02 1.291549665014882997e+01
9.487245170863586736e+02 1.072267222010323096e+01
9.480852322034954796e+02 8.902150854450393780e+00
9.469686798148580920e+02 7.390722033525776169e+00
9.451355433614703543e+02 6.135907273413176100e+00
9.432169604796683871e+02 5.094138014816375737e+00
9.412607010652793633e+02 4.229242874389499640e+00
9.399173898892368015e+02 3.511191734215127980e+00
9.387911922696779357e+02 2.915053062825175623e+00
9.376755194113126208e+02 2.420128264794383810e+00
9.365731963387692076e+02 2.009233002565046000e+00
9.354853900317503985e+02 1.668100537200059241e+00
9.344125277740429283e+02 1.384886371393871718e+00
9.333547493962108774e+02 1.149756995397735793e+00
9.323121072621225949e+02 9.545484566618328559e-01
9.313969705342562975e+02 7.924828983539170535e-01
9.313964080101253558e+02 6.579332246575683163e-01
9.313946926507802573e+02 5.462277217684337050e-01
9.313900184151159465e+02 4.534878508128582508e-01
9.313785507131049144e+02 3.764935806792471529e-01
9.313531269985579684e+02 3.125715849688235348e-01
9.313020336598518725e+02 2.595024211399732383e-01
9.312087087115736495e+02 2.154434690031882260e-01
9.310531452118921152e+02 1.788649529057435295e-01
9.308152473220300180e+02 1.484968262254463545e-01
9.290668229143003600e+02 1.232846739442065992e-01
9.250380637102975925e+02 1.023531021899027060e-01
9.210524548917366019e+02 8.497534359086438005e-02
9.186441677191061217e+02 7.054802310718638614e-02
9.175528262748157431e+02 5.857020818056662276e-02
9.164021706021359250e+02 4.862601580065348955e-02
9.151823610375738554e+02 4.037017258596554276e-02
9.133056048210586368e+02 3.351602650938841077e-02
9.111811550620551543e+02 2.782559402207123583e-02
9.089741594123308914e+02 2.310129700083158460e-02
9.066565404664640937e+02 1.917910261672486905e-02
9.042216787798089399e+02 1.592282793341090810e-02
9.016846862592765319e+02 1.321941148466028795e-02
8.990758908808785463e+02 1.097498765493055625e-02
8.958195490684959168e+02 9.111627561154888796e-03
8.932500292296925863e+02 7.564633275546276195e-03
8.902701865668747132e+02 6.280291441834247486e-03
8.859392912337283406e+02 5.214008287999684008e-03
8.848708580995961483e+02 4.328761281083053081e-03
8.837894282857581629e+02 3.593813663804625805e-03
8.817339997049723479e+02 2.983647240283334324e-03
8.801611565441379526e+02 2.477076355991709132e-03
8.792492734523403897e+02 2.056512308348651657e-03
8.780033157016682708e+02 1.707352647470688914e-03
8.763195222394680286e+02 1.417474162926804808e-03
8.746783564598553085e+02 1.176811952434996802e-03
8.738185847433830986e+02 9.770099572992247371e-04
8.717893138086171803e+02 8.111308307896856031e-04
8.698169983098807734e+02 6.734150657750814697e-04
8.686940772270038451e+02 5.590810182512222660e-04
8.678798310435133772e+02 4.641588833612773522e-04
8.667999381863195367e+02 3.853528593710527734e-04
8.657532728016549299e+02 3.199267137797377888e-04
8.647398348895192157e+02 2.656087782946684275e-04
8.637596244499126215e+02 2.205130739903041258e-04
8.628126414828351471e+02 1.830738280295366339e-04
8.617511227270699692e+02 1.519911082952933351e-04
8.605328660454135843e+02 1.261856883066018585e-04
8.592040130077418780e+02 1.047615752789664132e-04
8.578653793237469927e+02 8.697490026177818155e-05
8.571027751927639429e+02 7.220809018385457615e-05
8.563726223013970866e+02 5.994842503189408905e-05
8.556749206496466513e+02 4.977023564332103795e-05
8.550096702375124096e+02 4.132012400115334376e-05
8.543768710649945888e+02 3.430469286314912652e-05
8.537765231320929615e+02 2.848035868435799396e-05
8.532086264388076415e+02 2.364489412645402454e-05
8.520037908760920118e+02 1.963040650040268496e-05
8.499362484088252359e+02 1.629750834620643783e-05
8.480020957781564448e+02 1.353047774579805024e-05
8.467108169821386809e+02 1.123324032978026594e-05
8.460258829895070676e+02 9.326033468832181083e-06
8.451720077067319608e+02 7.742636826811263341e-06
8.443346581283926753e+02 6.428073117284306733e-06
8.436633855716978587e+02 5.336699231206302861e-06
8.431447439720012653e+02 4.430621457583878230e-06
8.424534062473416043e+02 3.678379771828626713e-06
8.409022266495295526e+02 3.053855508833412725e-06
8.395834351093951682e+02 2.535364493970106576e-06
8.385158235438001384e+02 2.104904144512017605e-06
8.383361227278913930e+02 1.747528400007683116e-06
8.381973657019051416e+02 1.450828778495937304e-06
8.380949866390203624e+02 1.204503540258781267e-06
8.380233184487672133e+02 1.000000000000000167e-06
