1.190022328962779966e+03 1.000000000000000142e+02
1.190022328962779966e+03 8.302175681319752698e+01
1.190022324353252316e+03 6.892612104349696267e+01
1.190022295734269164e+03 5.722367659350220492e+01
1.190022187571354380e+03 4.750810162102794010e+01
1.190021842426803005e+03 3.944206059437656364e+01
1.190020863524137667e+03 3.274549162877731590e+01
1.189832637802540148e+03 2.718588242732940330e+01
1.189512074273982989e+03 2.257019719633921540e+01
1.189147295103494571e+03 1.873817422860383175e+01
1.188751964557060319e+03 1.555676143930472399e+01
1.188339478433756994e+03 1.291549665014882997e+01
1.187920754632677244e+03 1.072267222010323096e+01
1.187503408374578157e+03 8.902150854450393780e+00
1.187092053230063584e+03 7.390722033525776169e+00
1.186689137922750206e+03 6.135907273413176100e+00
1.185527333627137523e+03 5.094138014816375737e+00
1.177473765927362365e+03 4.229242874389499640e+00
1.174903352465589023e+03 3.511191734215127980e+00
1.173345154037890325e+03 2.915053062825175623e+00
1.172537513895844540e+03 2.420128264794383810e+00
1.172501887183465669e+03 2.009233002565046000e+00
1.168704926279512165e+03 1.668100537200059241e+00
1.167468450204520195e+03 1.384886371393871718e+00
1.164469404947669545e+03 1.149756995397735793e+00
1.163053945971619214e+03 9.545484566618328559e-01
1.161613345860691879e+03 7.924828983539170535e-01
1.158434380388361660e+03 6.579332246575683163e-01
1.153174945983628731e+03 5.462277217684337050e-01
1.149106219200460828e+03 4.534878508128582508e-01
1.144614493951067061e+03 3.764935806792471529e-01
1.139282117910443731e+03 3.125715849688235348e-01
1.132842096747123833e+03 2.595024211399732383e-01
1.131365031356433747e+03 2.154434690031882260e-01
1.129534831363735293e+03 1.788649529057435295e-01
1.128683249942005432e+03 1.484968262254463545e-01
1.126769449675728993e+03 1.232846739442065992e-01
1.120870361568697717e+03 1.023531021899027060e-01
1.119010498571417202e+03 8.497534359086438005e-02
1.116025924363886816e+03 7.054802310718638614e-02
1.113196276395151472e+03 5.857020818056662276e-02
1.110800444622375835e+03 4.862601580065348955e-02
1.104696272928234976e+03 4.037017258596554276e-02
1.101056798454994805e+03 3.351602650938841077e-02
1.099431770120273995e+03 2.782559402207123583e-02
1.097050117226232487e+03 2.310129700083158460e-02
1.094102936281773509e+03 1.917910261672486905e-02
1.090839671424094149e+03 1.592282793341090810e-02
1.086094194484039235e+03 1.321941148466028795e-02
1.083777624338342548e+03 1.097498765493055625e-02
1.079976347335055607e+03 9.111627561154888796e-03
1.077240090691283058e+03 7.564633275546276195e-03
1.072230891411477387e+03 6.280291441834247486e-03
1.064814383064338699e+03 5.214008287999684008e-03
1.062576886447290008e+03 4.328761281083053081e-03
1.056776176842455698e+03 3.593813663804625805e-03
1.055410556990073474e+03 2.983647240283334324e-03
1.051896631615910337e+03 2.477076355991709132e-03
1.050716821104537075e+03 2.056512308348651657e-03
1.049565439762112874e+03 1.707352647470688914e-03
1.046023744114035935e+03 1.417474162926804808e-03
1.041097848225060488e+03 1.176811952434996802e-03
1.037298040971302726e+03 9.770099572992247371e-04
1.034638194610651226e+03 8.111308307896856031e-04
1.030133059150309691e+03 6.734150657750814697e-04
1.025094529926726636e+03 5.590810182512222660e-04
1.021914718561026575e+03 4.641588833612773522e-04
1.021052281800399214e+03 3.853528593710527734e-04
1.019825358678810289e+03 3.199267137797377888e-04
1.017800037104055150e+03 2.656087782946684275e-04
1.017024350887177093e+03 2.205130739903041258e-04
1.013140546651333125e+03 1.830738280295366339e-04
1.009278769759265629e+03 1.519911082952933351e-04
1.006474138468260549e+03 1.261856883066018585e-04
1.003234026905059636e+03 1.047615752789664132e-04
9.999967170854206415e+02 8.697490026177818155e-05
9.957285923692401184e+02 7.220809018385457615e-05
9.939966012601167904e+02 5.994842503189408905e-05
9.925115537488582049e+02 4.977023564332103795e-05
9.894558418850092494e+02 4.132012400115334376e-05
9.838318620839228288e+02 3.430469286314912652e-05
9.807581731838404266e+02 2.848035868435799396e-05
9.791534759471096550e+02 2.364489412645402454e-05
9.774392702589447026e+02 1.963040650040268496e-05
9.761366699678601435e+02 1.629750834620643783e-05
9.727190742230509386e+02 1.353047774579805024e-05
9.680714181179291700e+02 1.123324032978026594e-05
9.659232280632580796e+02 9.326033468832181083e-06
9.646660425537530728e+02 7.742636826811263341e-06
9.634337544901045476e+02 6.428073117284306733e-06
9.621101619104124438e+02 5.336699231206302861e-06
9.595762735624230118e+02 4.430621457583878230e-06
9.587133973385844001e+02 3.678379771828626713e-06
9.578383141889080434e+02 3.053855508833412725e-06
9.570384350042360211e+02 2.535364493970106576e-06
9.563758118864398057e+02 2.104904144512017605e-06
9.558441044632684225e+02 1.747528400007683116e-06
9.553408762889761192e+02 1.450828778495937304e-06
9.549570082790761489e+02 1.204503540258781267e-06
9.546882900002566430e+02 1.000000000000000167e-06
