1.493481081554401271e+03 1.000000000000000142e+02
1.493481081554401271e+03 8.302175681319752698e+01
1.493481081554401271e+03 6.892612104349696267e+01
1.493481081554401271e+03 5.722367659350220492e+01
1.493012823642611011e+03 4.750810162102794010e+01
1.492650745995323405e+03 3.944206059437656364e+01
1.492650745995323405e+03 3.274549162877731590e+01
1.491005082276451049e+03 2.718588242732940330e+01
1.488370829504564426e+03 2.257019719633921540e+01
1.484768968802030031e+03 1.873817422860383175e+01
1.482392705031703144e+03 1.555676143930472399e+01
1.481662838606033120e+03 1.291549665014882997e+01
1.481041806765634874e+03 1.072267222010323096e+01
1.480628014724461764e+03 8.902150854450393780e+00
1.480345474892314542e+03 7.390722033525776169e+00
1.479179614613687136e+03 6.135907273413176100e+00
1.476991646552633938e+03 5.094138014816375737e+00
1.475645323277601619e+03 4.229242874389499640e+00
1.473653232889599849e+03 3.511191734215127980e+00
1.465233723166370964e+03 2.915053062825175623e+00
1.462510173742068673e+03 2.420128264794383810e+00
1.457115387361646981e+03 2.009233002565046000e+00
1.455121751531227119e+03 1.668100537200059241e+00
1.453462790175363352e+03 1.384886371393871718e+00
1.450244939233881041e+03 1.149756995397735793e+00
1.448079142659752279e+03 9.545484566618328559e-01
1.445187477057744445e+03 7.924828983539170535e-01
1.442548772662976489e+03 6.579332246575683163e-01
1.438452180664172147e+03 5.462277217684337050e-01
1.436551095253591257e+03 4.534878508128582508e-01
1.433084997480944821e+03 3.764935806792471529e-01
1.430876137980846579e+03 3.125715849688235348e-01
1.427818927186291376e+03 2.595024211399732383e-01
1.419153730298978644e+03 2.154434690031882260e-01
1.414885216549827192e+03 1.788649529057435295e-01
1.409249764807582551e+03 1.484968262254463545e-01
1.403999963567212262e+03 1.232846739442065992e-01
1.395029734109120909e+03 1.023531021899027060e-01
1.388315887781240463e+03 8.497534359086438005e-02
1.381126024517888709e+03 7.054802310718638614e-02
1.372405384861211360e+03 5.857020818056662276e-02
1.367778022320448372e+03 4.862601580065348955e-02
1.362092241357730927e+03 4.037017258596554276e-02
1.358567184152837626e+03 3.351602650938841077e-02
1.354660091115540581e+03 2.782559402207123583e-02
1.347354385826287171e+03 2.310129700083158460e-02
1.344609359999947173e+03 1.917910261672486905e-02
1.339535061977974692e+03 1.592282793341090810e-02
1.334985465012401619e+03 1.321941148466028795e-02
1.328940955701990788e+03 1.097498765493055625e-02
1.325284033827287658e+03 9.111627561154888796e-03
1.317987784968696815e+03 7.564633275546276195e-03
1.315351965516253586e+03 6.280291441834247486e-03
1.311320215871758592e+03 5.214008287999684008e-03
1.306424159500584665e+03 4.328761281083053081e-03
1.303742055453889634e+03 3.593813663804625805e-03
1.300750373537898213e+03 2.983647240283334324e-03
1.298984628277123647e+03 2.477076355991709132e-03
1.296760173175997124e+03 2.056512308348651657e-03
1.292565065125828596e+03 1.707352647470688914e-03
1.287601538722393798e+03 1.417474162926804808e-03
1.281376615919509277e+03 1.176811952434996802e-03
1.277293336919330841e+03 9.770099572992247371e-04
1.273939053377890559e+03 8.111308307896856031e-04
1.265981245672066052e+03 6.734150657750814697e-04
1.263435095602926367e+03 5.590810182512222660e-04
1.258939010657895778e+03 4.641588833612773522e-04
1.253298700591204579e+03 3.853528593710527734e-04
1.249527641326337971e+03 3.199267137797377888e-04
1.246030388784707839e+03 2.656087782946684275e-04
1.243755790792045900e+03 2.205130739903041258e-04
1.239730725344977145e+03 1.830738280295366339e-04
1.236466547060023458e+03 1.519911082952933351e-04
1.233188018795769722e+03 1.261856883066018585e-04
1.230264086342930796e+03 1.047615752789664132e-04
1.226156430506166316e+03 8.697490026177818155e-05
1.223651671596062670e+03 7.220809018385457615e-05
1.222180273090965329e+03 5.994842503189408905e-05
1.216218975350560868e+03 4.977023564332103795e-05
1.215083110606116179e+03 4.132012400115334376e-05
1.213945639498824903e+03 3.430469286314912652e-05
1.210987127417461352e+03 2.848035868435799396e-05
1.206599045394208133e+03 2.364489412645402454e-05
1.205012226947788349e+03 1.963040650040268496e-05
1.201635060610876280e+03 1.629750834620643783e-05
1.199798207468253395e+03 1.353047774579805024e-05
1.198938850798165731e+03 1.123324032978026594e-05
1.198557735587202615e+03 9.326033468832181083e-06
1.197571369604361053e+03 7.742636826811263341e-06
1.196884759844626387e+03 6.428073117284306733e-06
1.195987152298853289e+03 5.336699231206302861e-06
1.192111585954571638e+03 4.430621457583878230e-06
1.189129681625463945e+03 3.678379771828626713e-06
1.185992281915822559e+03 3.053855508833412725e-06
1.183990081260478064e+03 2.535364493970106576e-06
1.183740500004545765e+03 2.104904144512017605e-06
1.183540228986376633e+03 1.747528400007683116e-06
1.183145601269980716e+03 1.450828778495937304e-06
1.183077499390771663e+03 1.204503540258781267e-06
1.182818986527192237e+03 1.000000000000000167e-06
