5.511000000000000343e-01 1.480106918800228565e-02
5.531000000000000361e-01 1.480025673181632230e-02
5.554999999999999938e-01 1.479929943402975845e-02
5.598999999999999533e-01 1.479786075835986744e-02
5.608999999999998431e-01 1.479749492691428275e-02
5.643000000000000238e-01 1.479608753070172679e-02
5.684999999999998943e-01 1.479478991670183513e-02
5.686999999999999833e-01 1.479475733612868951e-02
5.765000000000000124e-01 1.479183226825164094e-02
5.843000000000000416e-01 1.478866199232160145e-02
5.920999999999999597e-01 1.478701490684689382e-02
5.998999999999999888e-01 1.478238265097181134e-02
6.077000000000000179e-01 1.477857882116406438e-02
6.154999999999999361e-01 1.477465554997202217e-02
6.232999999999999652e-01 1.477117769079828655e-02
6.310999999999999943e-01 1.476713871119501344e-02
6.389000000000000234e-01 1.476354006401633771e-02
6.466999999999999416e-01 1.476049603066648293e-02
6.544999999999999707e-01 1.475556818126048768e-02
6.622999999999999998e-01 1.475048836264897939e-02
6.701999999999999069e-01 1.474799278195171662e-02
6.780000000000000471e-01 1.474788862671583094e-02
6.857999999999999652e-01 1.475158380578289567e-02
6.935999999999998833e-01 1.475666489341309270e-02
7.013999999999999124e-01 1.475406760582701447e-02
7.092000000000000526e-01 1.475213477251047754e-02
7.169999999999999707e-01 1.475743556931612653e-02
7.247999999999998888e-01 1.475676666883096039e-02
7.327000000000000179e-01 1.475284384854909890e-02
7.405000000000000471e-01 1.475375373370048024e-02
7.482999999999998542e-01 1.475784424072789335e-02
7.560999999999999943e-01 1.476300108885688668e-02
7.639000000000000234e-01 1.480740354158707923e-02
7.717000000000000526e-01 1.480112723185474446e-02
7.795999999999999597e-01 1.475017366158598402e-02
7.873999999999999888e-01 1.473815287492234206e-02
7.952000000000000179e-01 1.472892602864934140e-02
8.029999999999999361e-01 1.472193763715003677e-02
8.107999999999999652e-01 1.472431626830392193e-02
8.185999999999999943e-01 1.471334504554254290e-02
8.263999999999999124e-01 1.470528301979100519e-02
8.343000000000000416e-01 1.469838915030439834e-02
8.538000000000000034e-01 1.468706410559762754e-02
8.850999999999999979e-01 1.467238866058644814e-02
9.162999999999998924e-01 1.467501781178395803e-02
9.474999999999998979e-01 1.469354257448024850e-02
