1.130000000000001226e+00 1.606513005088464063e-02
1.149415766041918419e+00 1.613725684218545245e-02
1.169165135597989291e+00 1.613113949443293130e-02
1.189253840675102314e+00 1.606384040081740988e-02
1.209687711768022034e+00 1.598418484887088528e-02
1.230472679551623649e+00 1.595805359450601368e-02
1.251614776602194778e+00 1.582540411734156827e-02
1.273120139148311569e+00 1.584447499022343872e-02
1.294995008851812957e+00 1.586401077663060835e-02
1.317245734619350461e+00 1.598920179114529661e-02
1.339878774445087073e+00 1.621219342913178887e-02
1.362900697285048812e+00 1.654773782392696818e-02
1.386318184963678979e+00 1.656366706064714769e-02
1.410138034113157079e+00 1.660508587994092428e-02
1.434367158146032883e+00 1.658500388007110721e-02
1.459012589261761583e+00 1.654885306356153676e-02
1.484081480487706495e+00 1.651405966095456299e-02
1.509581107755221252e+00 1.640405286132736937e-02
1.535518872011392366e+00 1.634646203774921605e-02
1.561902301367072532e+00 1.625264129651817283e-02
1.588739053281829294e+00 1.613828623031715245e-02
1.616036916786410815e+00 1.602473896657704774e-02
1.643803814743425074e+00 1.594237017964286740e-02
1.672047806146849114e+00 1.590254362500809204e-02
1.700777088461051134e+00 1.595278401045656380e-02
1.729999999999999982e+00 1.611376279762242320e-02
