1.130000000000001226e+00 1.606616231598691560e-02
1.149415766041918419e+00 1.613830371970724833e-02
1.169165135597989291e+00 1.613192151276779743e-02
1.189253840675102314e+00 1.606461705482335051e-02
1.209687711768022034e+00 1.598524040798411650e-02
1.230472679551623649e+00 1.595888281366990985e-02
1.251614776602194778e+00 1.582640206442527397e-02
1.273120139148311569e+00 1.584584237609216323e-02
1.294995008851812957e+00 1.586510043596484412e-02
1.317245734619350461e+00 1.598995143556405582e-02
1.339878774445087073e+00 1.621229680322992459e-02
1.362900697285048812e+00 1.654679415801352249e-02
1.386318184963678979e+00 1.656294085834345009e-02
1.410138034113157079e+00 1.660414139515989373e-02
1.434367158146032883e+00 1.658387090081817061e-02
1.459012589261761583e+00 1.654772217120161967e-02
1.484081480487706495e+00 1.651271790195732447e-02
1.509581107755221252e+00 1.640288184877776098e-02
1.535518872011392366e+00 1.634497476371137709e-02
1.561902301367072532e+00 1.625090947149622142e-02
1.588739053281829294e+00 1.613691593214114720e-02
1.616036916786410815e+00 1.602378109791253308e-02
1.643803814743425074e+00 1.594178422281035748e-02
1.672047806146849114e+00 1.590250245302471388e-02
1.700777088461051134e+00 1.595271648867734038e-02
1.729999999999999982e+00 1.611303774808958700e-02
