3.300000000000001266e-01 1.587369547966939465e-02
3.485606560277109134e-01 1.582775089434436747e-02
3.681652452438438639e-01 1.578306174959724292e-02
3.888724830569613711e-01 1.574685078191735005e-02
4.107443872892715397e-01 1.571591947673454601e-02
4.338464639189354433e-01 1.568384684637359403e-02
4.582479032693546062e-01 1.565265349988289451e-02
4.840217872329977689e-01 1.562234704446053418e-02
5.112453081504213515e-01 1.574717937024986553e-02
5.400000000000000355e-01 1.589199593474834027e-02
