5.900000000000000799e-01 1.615633161827858752e-02
6.235095244242215839e-01 1.591045378487874334e-02
6.589222492334219083e-01 1.580090366769420010e-02
6.963462682238460433e-01 1.573000699869028102e-02
7.358958144658163114e-01 1.572880021406135309e-02
7.776916089887407901e-01 1.562768783131101430e-02
8.218612292699613020e-01 1.568577828495890461e-02
8.685394986522370075e-01 1.562529415130469584e-02
9.178688978784881325e-01 1.580514197262735537e-02
9.700000000000000844e-01 1.598694618263605746e-02
