5.900000000000000799e-01 1.616261115522316452e-02
6.235095244242215839e-01 1.591379228544052837e-02
6.589222492334219083e-01 1.580262119784302602e-02
6.963462682238460433e-01 1.573200096989515323e-02
7.358958144658163114e-01 1.572914598615539686e-02
7.776916089887407901e-01 1.562710603678425444e-02
8.218612292699613020e-01 1.568410547706805547e-02
8.685394986522370075e-01 1.562249223704412042e-02
9.178688978784881325e-01 1.580344879307248387e-02
9.700000000000000844e-01 1.598637859053570962e-02
