3.300000000000001266e-01 1.586841921182012560e-02
3.485606560277109134e-01 1.582488145843340133e-02
3.681652452438438639e-01 1.578278188212304048e-02
3.888724830569613711e-01 1.574890364044416805e-02
4.107443872892715397e-01 1.571663958093003424e-02
4.338464639189354433e-01 1.568579995824624651e-02
4.582479032693546062e-01 1.565566629646697461e-02
4.840217872329977689e-01 1.562445233204573687e-02
5.112453081504213515e-01 1.574332873243263278e-02
5.400000000000000355e-01 1.588706502704724521e-02
