5.900000000000000799e-01 1.616501270372293006e-02
6.235095244242215839e-01 1.591628282721088347e-02
6.589222492334219083e-01 1.580599629643414730e-02
6.963462682238460433e-01 1.573401477366645138e-02
7.358958144658163114e-01 1.573017644835942447e-02
7.776916089887407901e-01 1.562971848481506040e-02
8.218612292699613020e-01 1.568535538251069478e-02
8.685394986522370075e-01 1.562474046137192832e-02
9.178688978784881325e-01 1.580331613371586952e-02
9.700000000000000844e-01 1.598552182121289189e-02
