3.300000000000001266e-01 1.587433097769664833e-02
3.485606560277109134e-01 1.582763295756915364e-02
3.681652452438438639e-01 1.578394051858957384e-02
3.888724830569613711e-01 1.574636818523783913e-02
4.107443872892715397e-01 1.571316667624582733e-02
4.338464639189354433e-01 1.568200205062131314e-02
4.582479032693546062e-01 1.565103873694376896e-02
4.840217872329977689e-01 1.562013321800358526e-02
5.112453081504213515e-01 1.574618786930364472e-02
5.400000000000000355e-01 1.589318001474851125e-02
