1.130000000000001226e+00 1.606456692649249271e-02
1.149415766041918419e+00 1.613717941595953220e-02
1.169165135597989291e+00 1.613112823527157111e-02
1.189253840675102314e+00 1.606413323700152385e-02
1.209687711768022034e+00 1.598490109097646175e-02
1.230472679551623649e+00 1.595884471300949500e-02
1.251614776602194778e+00 1.582623705572013678e-02
1.273120139148311569e+00 1.584522583264037082e-02
1.294995008851812957e+00 1.586460444299873582e-02
1.317245734619350461e+00 1.598902054367534395e-02
1.339878774445087073e+00 1.621094007293050546e-02
1.362900697285048812e+00 1.654628576001729301e-02
1.386318184963678979e+00 1.656265503412266554e-02
1.410138034113157079e+00 1.660401516696339771e-02
1.434367158146032883e+00 1.658398461247855352e-02
1.459012589261761583e+00 1.654825931509896694e-02
1.484081480487706495e+00 1.651344321847118476e-02
1.509581107755221252e+00 1.640367654793599764e-02
1.535518872011392366e+00 1.634619893485776687e-02
1.561902301367072532e+00 1.625269280007234085e-02
1.588739053281829294e+00 1.613879188130191294e-02
1.616036916786410815e+00 1.602550301294343102e-02
1.643803814743425074e+00 1.594341523700354424e-02
1.672047806146849114e+00 1.590353021490279947e-02
1.700777088461051134e+00 1.595326985439874876e-02
1.729999999999999982e+00 1.611344609517458004e-02
