3.300000000000001266e-01 9.280328013855476676e-03 1.594045318593209290e-02 9.999999999999999124e-05
3.485606560277109689e-01 9.802294608066388498e-03 1.574056808288216980e-02 9.999999999999999124e-05
3.681652452438438639e-01 1.035361890655883688e-02 1.594278994955249454e-02 9.999999999999999124e-05
3.888724830569614266e-01 1.093595211615508433e-02 1.576363156048388864e-02 9.999999999999999124e-05
4.107443872892715953e-01 1.155103831483186502e-02 1.550929258328545036e-02 9.999999999999999124e-05
4.338464639189354433e-01 1.220071967520957798e-02 1.558019113513810922e-02 9.999999999999999124e-05
4.582479032693546062e-01 1.288694198182160910e-02 1.571763920362817188e-02 9.999999999999999124e-05
4.840217872329977689e-01 1.361176045871193008e-02 1.563197569487480981e-02 9.999999999999999124e-05
5.112453081504214625e-01 1.437734592478917550e-02 1.575780861043681383e-02 9.999999999999999124e-05
5.400000000000000355e-01 1.437734592478917550e-02 1.584287481872033790e-02 9.999999999999999124e-05
