5.511000000000000343e-01 1.480831880993320644e-02
5.531000000000000361e-01 1.481069309013892388e-02
5.554999999999999938e-01 1.481369983226911782e-02
5.598999999999999533e-01 1.481952399005405201e-02
5.608999999999998431e-01 1.482085277288362410e-02
5.643000000000000238e-01 1.482612150274115886e-02
5.684999999999998943e-01 1.483165714451505600e-02
5.686999999999999833e-01 1.483200995803699018e-02
5.765000000000000124e-01 1.485033498682011843e-02
5.843000000000000416e-01 1.489036047312175710e-02
5.920999999999999597e-01 1.493176847336774582e-02
5.998999999999999888e-01 1.484782635603656455e-02
6.077000000000000179e-01 1.482721947875846429e-02
6.154999999999999361e-01 1.481209196649397285e-02
6.232999999999999652e-01 1.479999772611085944e-02
6.310999999999999943e-01 1.478898351666995022e-02
6.389000000000000234e-01 1.477984824082183117e-02
6.466999999999999416e-01 1.477167426012432859e-02
6.544999999999999707e-01 1.476440910250016551e-02
6.622999999999999998e-01 1.475665213248846669e-02
6.701999999999999069e-01 1.475033678387536844e-02
6.780000000000000471e-01 1.474472888868876529e-02
6.857999999999999652e-01 1.474169072088606612e-02
6.935999999999998833e-01 1.474224782192821125e-02
7.013999999999999124e-01 1.473993560354226219e-02
7.092000000000000526e-01 1.473776119619060743e-02
7.169999999999999707e-01 1.474045775864061408e-02
7.247999999999998888e-01 1.474072630037698284e-02
7.327000000000000179e-01 1.474295668882265667e-02
7.405000000000000471e-01 1.474894022261931219e-02
7.482999999999998542e-01 1.475982298709695335e-02
7.560999999999999943e-01 1.477223969811603671e-02
7.639000000000000234e-01 1.484265815672140137e-02
7.717000000000000526e-01 1.483692351425855774e-02
7.795999999999999597e-01 1.476348437278218045e-02
7.873999999999999888e-01 1.474759102680960748e-02
7.952000000000000179e-01 1.473630328201533390e-02
8.029999999999999361e-01 1.472719114555314131e-02
8.107999999999999652e-01 1.472137771130676079e-02
8.185999999999999943e-01 1.471331375158260214e-02
8.263999999999999124e-01 1.470626993480591074e-02
8.343000000000000416e-01 1.470056463552724298e-02
8.538000000000000034e-01 1.468886468491903581e-02
8.850999999999999979e-01 1.467378051366486844e-02
9.162999999999998924e-01 1.466916686969795512e-02
9.474999999999998979e-01 1.467714209608583786e-02
