3.033549821055717530e+03 1.000000000000000142e+02
3.026753290225733963e+03 8.302175681319752698e+01
3.017299851719369144e+03 6.892612104349696267e+01
3.005095021312196877e+03 5.722367659350220492e+01
2.990352182748491941e+03 4.750810162102794010e+01
2.973532287367583649e+03 3.944206059437656364e+01
2.955216807183368473e+03 3.274549162877731590e+01
2.937392943791319340e+03 2.718588242732940330e+01
2.930861501251516529e+03 2.257019719633921540e+01
2.919155673171531816e+03 1.873817422860383175e+01
2.902742302557550829e+03 1.555676143930472399e+01
2.881423149895038023e+03 1.291549665014882997e+01
2.855566628282443617e+03 1.072267222010323096e+01
2.826008757598112879e+03 8.902150854450393780e+00
2.793816837025518907e+03 7.390722033525776169e+00
2.753632398967895824e+03 6.135907273413176100e+00
2.689944430867417395e+03 5.094138014816375737e+00
2.627376720410549751e+03 4.229242874389499640e+00
2.570116830750432200e+03 3.511191734215127980e+00
2.548720580662377870e+03 2.915053062825175623e+00
2.526414054548811237e+03 2.420128264794383810e+00
2.491831401990294580e+03 2.009233002565046000e+00
2.488964603750896003e+03 1.668100537200059241e+00
2.485040652327496900e+03 1.384886371393871718e+00
2.479140911047287773e+03 1.149756995397735793e+00
2.454907839483765656e+03 9.545484566618328559e-01
2.406859598002068196e+03 7.924828983539170535e-01
2.344753287241192538e+03 6.579332246575683163e-01
2.313215603692553486e+03 5.462277217684337050e-01
2.275957012307838795e+03 4.534878508128582508e-01
2.263884135041288573e+03 3.764935806792471529e-01
2.246742661664610750e+03 3.125715849688235348e-01
2.204927027802266366e+03 2.595024211399732383e-01
2.151359657835542293e+03 2.154434690031882260e-01
2.101787293329762178e+03 1.788649529057435295e-01
2.039639782631885510e+03 1.484968262254463545e-01
1.983994289862169580e+03 1.232846739442065992e-01
1.945776301472903242e+03 1.023531021899027060e-01
1.935911492322808954e+03 8.497534359086438005e-02
1.923580647733292608e+03 7.054802310718638614e-02
1.898197629165304534e+03 5.857020818056662276e-02
1.881307886264335139e+03 4.862601580065348955e-02
1.866813924180579988e+03 4.037017258596554276e-02
1.851729300945415162e+03 3.351602650938841077e-02
1.839213724134637687e+03 2.782559402207123583e-02
1.823310683944432640e+03 2.310129700083158460e-02
1.805735471465459341e+03 1.917910261672486905e-02
1.795976469377019157e+03 1.592282793341090810e-02
1.776686036605271966e+03 1.321941148466028795e-02
1.756654179644246369e+03 1.097498765493055625e-02
1.750423664298786434e+03 9.111627561154888796e-03
1.731202298978946146e+03 7.564633275546276195e-03
1.713169802695987755e+03 6.280291441834247486e-03
1.701541686912241175e+03 5.214008287999684008e-03
1.686229512046344098e+03 4.328761281083053081e-03
1.667401967469736519e+03 3.593813663804625805e-03
1.648794859838109460e+03 2.983647240283334324e-03
1.642420364570289166e+03 2.477076355991709132e-03
1.637699360565469306e+03 2.056512308348651657e-03
1.631548005309551854e+03 1.707352647470688914e-03
1.616977187515158448e+03 1.417474162926804808e-03
1.609642277224434110e+03 1.176811952434996802e-03
1.604434461805148203e+03 9.770099572992247371e-04
1.599364779787289535e+03 8.111308307896856031e-04
1.593402130527263580e+03 6.734150657750814697e-04
1.588307257380296960e+03 5.590810182512222660e-04
1.584630668392679127e+03 4.641588833612773522e-04
1.580338639374842842e+03 3.853528593710527734e-04
1.577420393336467896e+03 3.199267137797377888e-04
1.573049933257257408e+03 2.656087782946684275e-04
1.560199941438874248e+03 2.205130739903041258e-04
1.551981541680951977e+03 1.830738280295366339e-04
1.550884827236712908e+03 1.519911082952933351e-04
1.550139514442150357e+03 1.261856883066018585e-04
1.547872975156128859e+03 1.047615752789664132e-04
1.542132869450081444e+03 8.697490026177818155e-05
1.541128717472492553e+03 7.220809018385457615e-05
1.539470963546733628e+03 5.994842503189408905e-05
1.533285837687580170e+03 4.977023564332103795e-05
1.531360023740217912e+03 4.132012400115334376e-05
1.529785548813358218e+03 3.430469286314912652e-05
1.527079176182295441e+03 2.848035868435799396e-05
1.524519093963722298e+03 2.364489412645402454e-05
1.518653554036050537e+03 1.963040650040268496e-05
1.514574355950260724e+03 1.629750834620643783e-05
1.512705668489995787e+03 1.353047774579805024e-05
1.512265471272306968e+03 1.123324032978026594e-05
1.511857881255928305e+03 9.326033468832181083e-06
1.511482897713534385e+03 7.742636826811263341e-06
1.511140517307678920e+03 6.428073117284306733e-06
1.510830729046434953e+03 5.336699231206302861e-06
1.510553500462285001e+03 4.430621457583878230e-06
1.510308745535886828e+03 3.678379771828626713e-06
1.510096259825827929e+03 3.053855508833412725e-06
1.509915607400267618e+03 2.535364493970106576e-06
1.509765954207940013e+03 2.104904144512017605e-06
1.509645868278057833e+03 1.747528400007683116e-06
1.509553143231658169e+03 1.450828778495937304e-06
1.509484727933125441e+03 1.204503540258781267e-06
1.509436835322143224e+03 1.000000000000000167e-06
