1.416678003005433766e+03 1.000000000000000142e+02
1.416678003005433766e+03 8.302175681319752698e+01
1.416678003005433766e+03 6.892612104349696267e+01
1.416678003005433766e+03 5.722367659350220492e+01
1.416678003005433766e+03 4.750810162102794010e+01
1.416678003005433766e+03 3.944206059437656364e+01
1.416678003005433766e+03 3.274549162877731590e+01
1.416677949389451669e+03 2.718588242732940330e+01
1.415371338178999167e+03 2.257019719633921540e+01
1.414579268658713772e+03 1.873817422860383175e+01
1.413386284022133623e+03 1.555676143930472399e+01
1.411148183012575146e+03 1.291549665014882997e+01
1.407473768264649379e+03 1.072267222010323096e+01
1.406023564752118091e+03 8.902150854450393780e+00
1.403715600168790615e+03 7.390722033525776169e+00
1.401473443258797715e+03 6.135907273413176100e+00
1.399180620748120418e+03 5.094138014816375737e+00
1.396875188748282653e+03 4.229242874389499640e+00
1.394580141245562345e+03 3.511191734215127980e+00
1.390704287489502349e+03 2.915053062825175623e+00
1.387321988713705878e+03 2.420128264794383810e+00
1.383365283624851372e+03 2.009233002565046000e+00
1.378971771106488859e+03 1.668100537200059241e+00
1.373465013311921439e+03 1.384886371393871718e+00
1.369463850039301406e+03 1.149756995397735793e+00
1.369085549815471268e+03 9.545484566618328559e-01
1.363105200938079406e+03 7.924828983539170535e-01
1.359697962392850741e+03 6.579332246575683163e-01
1.357142180060448936e+03 5.462277217684337050e-01
1.351651009501584895e+03 4.534878508128582508e-01
1.350848244618742683e+03 3.764935806792471529e-01
1.349111265095980798e+03 3.125715849688235348e-01
1.342750865961406816e+03 2.595024211399732383e-01
1.338381780139763805e+03 2.154434690031882260e-01
1.335117447853959447e+03 1.788649529057435295e-01
1.331164502845778088e+03 1.484968262254463545e-01
1.328192380894107600e+03 1.232846739442065992e-01
1.321055627704036397e+03 1.023531021899027060e-01
1.319208434432554441e+03 8.497534359086438005e-02
1.314109087668401799e+03 7.054802310718638614e-02
1.300877215479641109e+03 5.857020818056662276e-02
1.296448391938961095e+03 4.862601580065348955e-02
1.291380152517250053e+03 4.037017258596554276e-02
1.290301230534533943e+03 3.351602650938841077e-02
1.283850231267872687e+03 2.782559402207123583e-02
1.277044562946081896e+03 2.310129700083158460e-02
1.272164428587005432e+03 1.917910261672486905e-02
1.259166726949727263e+03 1.592282793341090810e-02
1.252426632937466366e+03 1.321941148466028795e-02
1.246247270896912369e+03 1.097498765493055625e-02
1.236439413716200988e+03 9.111627561154888796e-03
1.229571166968040416e+03 7.564633275546276195e-03
1.224314170000993727e+03 6.280291441834247486e-03
1.219757121815381652e+03 5.214008287999684008e-03
1.215394282369121811e+03 4.328761281083053081e-03
1.209786500302034938e+03 3.593813663804625805e-03
1.206384783342760784e+03 2.983647240283334324e-03
1.202741501224011017e+03 2.477076355991709132e-03
1.196235539580678733e+03 2.056512308348651657e-03
1.194341316494418379e+03 1.707352647470688914e-03
1.185453000749247167e+03 1.417474162926804808e-03
1.181157898019831464e+03 1.176811952434996802e-03
1.176974356400270153e+03 9.770099572992247371e-04
1.172902375890564144e+03 8.111308307896856031e-04
1.169107501761053300e+03 6.734150657750814697e-04
1.165516912856733825e+03 5.590810182512222660e-04
1.164152508650904792e+03 4.641588833612773522e-04
1.159293693723372826e+03 3.853528593710527734e-04
1.154417443667631460e+03 3.199267137797377888e-04
1.148949593624997760e+03 2.656087782946684275e-04
1.145614260927398618e+03 2.205130739903041258e-04
1.141997231175299021e+03 1.830738280295366339e-04
1.139653165498636326e+03 1.519911082952933351e-04
1.138318431835528827e+03 1.261856883066018585e-04
1.135473623534227499e+03 1.047615752789664132e-04
1.130004008720677803e+03 8.697490026177818155e-05
1.128131057368311758e+03 7.220809018385457615e-05
1.126886325651537163e+03 5.994842503189408905e-05
1.125284035807246937e+03 4.977023564332103795e-05
1.122161016054403035e+03 4.132012400115334376e-05
1.116990766001914153e+03 3.430469286314912652e-05
1.115960620310346030e+03 2.848035868435799396e-05
1.115363199061180239e+03 2.364489412645402454e-05
1.113227061525985391e+03 1.963040650040268496e-05
1.108871024181906478e+03 1.629750834620643783e-05
1.106033012807834439e+03 1.353047774579805024e-05
1.101854775993469048e+03 1.123324032978026594e-05
1.100366520307128667e+03 9.326033468832181083e-06
1.099700478761605837e+03 7.742636826811263341e-06
1.097529073959052312e+03 6.428073117284306733e-06
1.096567216294575019e+03 5.336699231206302861e-06
1.095851300045513426e+03 4.430621457583878230e-06
1.095558298485130535e+03 3.678379771828626713e-06
1.095303927120588014e+03 3.053855508833412725e-06
1.094868890315050066e+03 2.535364493970106576e-06
1.094362930538259661e+03 2.104904144512017605e-06
1.094127482401802126e+03 1.747528400007683116e-06
1.093945679759317727e+03 1.450828778495937304e-06
1.093811540359635046e+03 1.204503540258781267e-06
1.093717639050656544e+03 1.000000000000000167e-06
