3.071999999999999176e-01 1.504877798012057774e-02
3.246999999999999886e-01 1.502273388771966506e-02
3.378999999999999782e-01 1.500100495934186470e-02
3.467000000000000082e-01 1.498566749697711684e-02
3.554999999999999827e-01 1.497050642042267038e-02
3.643000000000000127e-01 1.495493862850938091e-02
3.730999999999999872e-01 1.493906182253098777e-02
3.796999999999999265e-01 1.492711233752954704e-02
3.840999999999999970e-01 1.491895341772905489e-02
3.885000000000000120e-01 1.491053583828474798e-02
3.929000000000000270e-01 1.490227458316586810e-02
3.972999999999999865e-01 1.489443892710192244e-02
4.017000000000000015e-01 1.488680005006389612e-02
4.061000000000000165e-01 1.487909921911541138e-02
4.104999999999999760e-01 1.487110054515488645e-02
4.148999999999999910e-01 1.486321926520866275e-02
4.193000000000000060e-01 1.485609529187150932e-02
4.237000000000000210e-01 1.484822217059504450e-02
4.280999999999999805e-01 1.484074972049755081e-02
4.324999999999999956e-01 1.483350829702453737e-02
4.369000000000000106e-01 1.482639822712684095e-02
4.413000000000000256e-01 1.481926893079241192e-02
4.456999999999999851e-01 1.481219883905840994e-02
4.501000000000000001e-01 1.480514563362376503e-02
4.545000000000000151e-01 1.479796170765845624e-02
4.588999999999999746e-01 1.479096121351025639e-02
4.632999999999999896e-01 1.478390308807068544e-02
4.677000000000000046e-01 1.477720348862787518e-02
4.721000000000000196e-01 1.477039587031429846e-02
4.764999999999999791e-01 1.476377688686569822e-02
4.809000000000000496e-01 1.475738723173148671e-02
4.853000000000000647e-01 1.475058830711548953e-02
4.897000000000000242e-01 1.474426565414018418e-02
4.940999999999999837e-01 1.473786919171934939e-02
4.984999999999999432e-01 1.473370999395922504e-02
5.029000000000000137e-01 1.473409437566766504e-02
5.071999999999999842e-01 1.474279789045897411e-02
5.116000000000000547e-01 1.475757443402089635e-02
5.160000000000000142e-01 1.477176683763954841e-02
5.203999999999999737e-01 1.477535212535112386e-02
5.248000000000000442e-01 1.477877549650145894e-02
5.291999999999998927e-01 1.478282134863609376e-02
5.335999999999999632e-01 1.478702314542069789e-02
5.379999999999999227e-01 1.479181516480458647e-02
5.423999999999999932e-01 1.479742110486048645e-02
5.453000000000000069e-01 1.480064741944648286e-02
5.466999999999999638e-01 1.480248691934139132e-02
