1.082846896785568106e+03 1.000000000000000142e+02
1.082846896785568106e+03 8.302175681319752698e+01
1.082846896785568106e+03 6.892612104349696267e+01
1.082846896785568106e+03 5.722367659350220492e+01
1.082846896785568106e+03 4.750810162102794010e+01
1.082846707290039603e+03 3.944206059437656364e+01
1.082845526196201945e+03 3.274549162877731590e+01
1.082841053457791304e+03 2.718588242732940330e+01
1.082826761901945474e+03 2.257019719633921540e+01
1.082786181496903964e+03 1.873817422860383175e+01
1.082682445393752914e+03 1.555676143930472399e+01
1.081913984919939367e+03 1.291549665014882997e+01
1.081461474104728040e+03 1.072267222010323096e+01
1.080018411464583096e+03 8.902150854450393780e+00
1.077212443218790213e+03 7.390722033525776169e+00
1.072678332228397267e+03 6.135907273413176100e+00
1.071859139512375577e+03 5.094138014816375737e+00
1.070076137337470755e+03 4.229242874389499640e+00
1.070072209581044035e+03 3.511191734215127980e+00
1.070063281265869819e+03 2.915053062825175623e+00
1.070044874020304178e+03 2.420128264794383810e+00
1.070010331292590763e+03 2.009233002565046000e+00
1.069750024719514158e+03 1.668100537200059241e+00
1.067822124405452769e+03 1.384886371393871718e+00
1.064584354390281078e+03 1.149756995397735793e+00
1.061119936713542756e+03 9.545484566618328559e-01
1.057211950038496980e+03 7.924828983539170535e-01
1.053752253880026501e+03 6.579332246575683163e-01
1.051074909550110760e+03 5.462277217684337050e-01
1.050648368544697178e+03 4.534878508128582508e-01
1.049367954120899640e+03 3.764935806792471529e-01
1.043577913653532732e+03 3.125715849688235348e-01
1.041430517603123917e+03 2.595024211399732383e-01
1.036732785632362493e+03 2.154434690031882260e-01
1.034634165561324380e+03 1.788649529057435295e-01
1.031642025353286499e+03 1.484968262254463545e-01
1.025443177204328776e+03 1.232846739442065992e-01
1.022898821772253996e+03 1.023531021899027060e-01
1.021292542264497911e+03 8.497534359086438005e-02
1.009843350761882107e+03 7.054802310718638614e-02
1.007705936568853303e+03 5.857020818056662276e-02
1.005771611554609080e+03 4.862601580065348955e-02
1.001168972170797815e+03 4.037017258596554276e-02
9.991007720484489028e+02 3.351602650938841077e-02
9.929001968250000800e+02 2.782559402207123583e-02
9.888453973585352514e+02 2.310129700083158460e-02
9.861988792384830731e+02 1.917910261672486905e-02
9.833509585091699137e+02 1.592282793341090810e-02
9.809461698460713706e+02 1.321941148466028795e-02
9.753896334274717219e+02 1.097498765493055625e-02
9.692986560892253465e+02 9.111627561154888796e-03
9.672968408171280998e+02 7.564633275546276195e-03
9.655960378195380827e+02 6.280291441834247486e-03
9.624813437967560503e+02 5.214008287999684008e-03
9.564254129605551498e+02 4.328761281083053081e-03
9.540091362117914287e+02 3.593813663804625805e-03
9.501620535134597958e+02 2.983647240283334324e-03
9.487033057732347743e+02 2.477076355991709132e-03
9.466905233349375521e+02 2.056512308348651657e-03
9.420758700940184553e+02 1.707352647470688914e-03
9.399284214851585375e+02 1.417474162926804808e-03
9.367907654071449315e+02 1.176811952434996802e-03
9.345356711480854983e+02 9.770099572992247371e-04
9.335453263373348136e+02 8.111308307896856031e-04
9.318955497644176376e+02 6.734150657750814697e-04
9.283201806070733255e+02 5.590810182512222660e-04
9.257152141337630837e+02 4.641588833612773522e-04
9.201135457864755836e+02 3.853528593710527734e-04
9.179973102842889148e+02 3.199267137797377888e-04
9.170340597716963202e+02 2.656087782946684275e-04
9.144066867992563630e+02 2.205130739903041258e-04
9.104379425230082461e+02 1.830738280295366339e-04
9.076905490035815092e+02 1.519911082952933351e-04
9.066994788293047804e+02 1.261856883066018585e-04
9.056854889971332341e+02 1.047615752789664132e-04
9.013201794508414650e+02 8.697490026177818155e-05
9.002854198789108295e+02 7.220809018385457615e-05
8.990794016440220275e+02 5.994842503189408905e-05
8.967088799934475674e+02 4.977023564332103795e-05
8.943633850846464384e+02 4.132012400115334376e-05
8.912472575665290151e+02 3.430469286314912652e-05
8.896862170421842393e+02 2.848035868435799396e-05
8.890042690678104691e+02 2.364489412645402454e-05
8.883626467077475581e+02 1.963040650040268496e-05
8.877613499619952790e+02 1.629750834620643783e-05
8.867693560467929501e+02 1.353047774579805024e-05
8.847210581905449089e+02 1.123324032978026594e-05
8.837683645856950534e+02 9.326033468832181083e-06
8.833364369215009901e+02 7.742636826811263341e-06
8.825840715989580758e+02 6.428073117284306733e-06
8.817237517135273492e+02 5.336699231206302861e-06
8.814130809853768369e+02 4.430621457583878230e-06
8.812336764509261684e+02 3.678379771828626713e-06
8.810779251430705017e+02 3.053855508833412725e-06
8.809455075252431016e+02 2.535364493970106576e-06
8.808358122406835946e+02 2.104904144512017605e-06
8.806607989510933976e+02 1.747528400007683116e-06
8.805224612252260386e+02 1.450828778495937304e-06
8.798856257698206491e+02 1.204503540258781267e-06
8.792602151191792927e+02 1.000000000000000167e-06
