9.407373341400145819e+02 1.000000000000000142e+02
9.407356266749533233e+02 8.302175681319752698e+01
9.407309954149239957e+02 6.892612104349696267e+01
9.407196777333653017e+02 5.722367659350220492e+01
9.407169979778830111e+02 4.750810162102794010e+01
9.407169979778830111e+02 3.944206059437656364e+01
9.407169979778830111e+02 3.274549162877731590e+01
9.407169979778830111e+02 2.718588242732940330e+01
9.407169805181569018e+02 2.257019719633921540e+01
9.407168631718307097e+02 1.873817422860383175e+01
9.407164118693822275e+02 1.555676143930472399e+01
9.407149572714531587e+02 1.291549665014882997e+01
9.407107968604765347e+02 1.072267222010323096e+01
9.407000874701435578e+02 8.902150854450393780e+00
9.406751548950104507e+02 7.390722033525776169e+00
9.406225078279471745e+02 6.135907273413176100e+00
9.392087368208177622e+02 5.094138014816375737e+00
9.375390275366770538e+02 4.229242874389499640e+00
9.365504430783958014e+02 3.511191734215127980e+00
9.364795878979244890e+02 2.915053062825175623e+00
9.359810099540460442e+02 2.420128264794383810e+00
9.351317525990843933e+02 2.009233002565046000e+00
9.337004470460044558e+02 1.668100537200059241e+00
9.322296080293864406e+02 1.384886371393871718e+00
9.309509976925020283e+02 1.149756995397735793e+00
9.294076735673049825e+02 9.545484566618328559e-01
9.269040211866318941e+02 7.924828983539170535e-01
9.261191530644541672e+02 6.579332246575683163e-01
9.251915570936146196e+02 5.462277217684337050e-01
9.240241127819256235e+02 4.534878508128582508e-01
9.200658854537696243e+02 3.764935806792471529e-01
9.169101209894354270e+02 3.125715849688235348e-01
9.139907493212148211e+02 2.595024211399732383e-01
9.105530638395554206e+02 2.154434690031882260e-01
9.086981189655009530e+02 1.788649529057435295e-01
9.072315045255832047e+02 1.484968262254463545e-01
9.057939413627111662e+02 1.232846739442065992e-01
9.040081773529906286e+02 1.023531021899027060e-01
9.017249007486360597e+02 8.497534359086438005e-02
8.994240495219902414e+02 7.054802310718638614e-02
8.966760483385786529e+02 5.857020818056662276e-02
8.946936573391377578e+02 4.862601580065348955e-02
8.921859213797245047e+02 4.037017258596554276e-02
8.888400248329694477e+02 3.351602650938841077e-02
8.856162468329436024e+02 2.782559402207123583e-02
8.825988856509267180e+02 2.310129700083158460e-02
8.803598281614033567e+02 1.917910261672486905e-02
8.773628222549485827e+02 1.592282793341090810e-02
8.747313600910131299e+02 1.321941148466028795e-02
8.724264156573517539e+02 1.097498765493055625e-02
8.702301839410934008e+02 9.111627561154888796e-03
8.681177193118571722e+02 7.564633275546276195e-03
8.660714282476194512e+02 6.280291441834247486e-03
8.640805010692849919e+02 5.214008287999684008e-03
8.621391048458268642e+02 4.328761281083053081e-03
8.602444608730622804e+02 3.593813663804625805e-03
8.581202324145392595e+02 2.983647240283334324e-03
8.558934139710778481e+02 2.477076355991709132e-03
8.537190477294659559e+02 2.056512308348651657e-03
8.515970798974534546e+02 1.707352647470688914e-03
8.495651083713687512e+02 1.417474162926804808e-03
8.481523222014085377e+02 1.176811952434996802e-03
8.468707917752808498e+02 9.770099572992247371e-04
8.458319894093619951e+02 8.111308307896856031e-04
8.448216473822353692e+02 6.734150657750814697e-04
8.438397656939009721e+02 5.590810182512222660e-04
8.428863443443589176e+02 4.641588833612773522e-04
8.409552124316616073e+02 3.853528593710527734e-04
8.400085056993700618e+02 3.199267137797377888e-04
8.390918531490558507e+02 2.656087782946684275e-04
8.375179586658437074e+02 2.205130739903041258e-04
8.364499590111408907e+02 1.830738280295366339e-04
8.357939508178332062e+02 1.519911082952933351e-04
8.345289729455791985e+02 1.261856883066018585e-04
8.332321285827296151e+02 1.047615752789664132e-04
8.318329173561755852e+02 8.697490026177818155e-05
8.308539593454038368e+02 7.220809018385457615e-05
8.291735574191226306e+02 5.994842503189408905e-05
8.275485019166641223e+02 4.977023564332103795e-05
8.259990303910641387e+02 4.132012400115334376e-05
8.245251428423227935e+02 3.430469286314912652e-05
8.231268392704398593e+02 2.848035868435799396e-05
8.224990582091317037e+02 2.364489412645402454e-05
8.219531482869541605e+02 1.963040650040268496e-05
8.214403238146057902e+02 1.629750834620643783e-05
8.209605847920861379e+02 1.353047774579805024e-05
8.201084100399430099e+02 1.123324032978026594e-05
8.185295330497726809e+02 9.326033468832181083e-06
8.170769634013832956e+02 7.742636826811263341e-06
8.158416409951365722e+02 6.428073117284306733e-06
8.144526865099246606e+02 5.336699231206302861e-06
8.136915696810058307e+02 4.430621457583878230e-06
8.134454148102106501e+02 3.678379771828626713e-06
8.132317137285814397e+02 3.053855508833412725e-06
8.126599145411746576e+02 2.535364493970106576e-06
8.118592212239045693e+02 2.104904144512017605e-06
8.116045777037447806e+02 1.747528400007683116e-06
8.115118513276629528e+02 1.450828778495937304e-06
8.114434350480511284e+02 1.204503540258781267e-06
8.113955417502862701e+02 1.000000000000000167e-06
