1.121699999999999697e+00 1.467426453281496165e-02
1.140200000000000102e+00 1.466424629216446507e-02
1.158800000000000052e+00 1.465823204066012131e-02
1.177400000000000002e+00 1.465927888541236623e-02
1.195899999999999741e+00 1.464165476888642549e-02
1.214499999999999691e+00 1.462443546567230093e-02
1.233000000000000096e+00 1.461322749421268240e-02
1.251600000000000046e+00 1.459516821080262920e-02
1.270199999999999996e+00 1.459171611309317308e-02
1.288699999999999735e+00 1.458782175576443275e-02
1.307299999999999685e+00 1.460711433348614585e-02
1.325900000000000079e+00 1.465873019154795460e-02
1.344400000000000039e+00 1.475661710520778658e-02
1.362999999999999989e+00 1.477394390680381898e-02
1.381499999999999728e+00 1.472434362961201094e-02
1.400099999999999678e+00 1.476960242822667087e-02
1.418700000000000072e+00 1.480189828920303041e-02
1.437200000000000033e+00 1.479222566939598395e-02
1.455799999999999983e+00 1.475457397229715424e-02
1.474399999999999711e+00 1.476517264445591920e-02
1.492899999999999894e+00 1.474262977063220056e-02
1.511500000000000066e+00 1.471868606875184268e-02
1.530000000000000027e+00 1.472305624782992844e-02
1.548599999999999977e+00 1.469682716362166568e-02
1.567199999999999704e+00 1.469044599259827777e-02
1.585700000000000109e+00 1.468151170620974819e-02
1.604300000000000059e+00 1.465083421859866147e-02
1.622900000000000009e+00 1.464480682968716946e-02
1.639100000000000001e+00 1.463579077050723015e-02
