 F
       24416       88637           3        1000
   -0.317552273398999674E+02   -0.141317867718595025E+02
 T
   2
    0.200000000000000000E+01    0.300000000000000000E+01    0.980999999999999983E+00    0.189999999999999995E-01
   0
   0
 T T     0           0
    0.000000000000000000E+00   -0.999999999999999966E+90    0.000000000000000000E+00
 T F     1         981
    0.657162309742910286E-10   -0.317732814417543317E+02   -0.141282077749692085E+02
 T F     1          19
    0.245641953494361920E-11   -0.357786231800589789E+02   -0.143282399848457054E+02
