1.130000000000001226e+00 1.606010229503892009e-02
1.149415766041918419e+00 1.613448955702634358e-02
1.169165135597989291e+00 1.612811467263277482e-02
1.189253840675102314e+00 1.606151673717834405e-02
1.209687711768022034e+00 1.598085721403477016e-02
1.230472679551623649e+00 1.595503349133603130e-02
1.251614776602194778e+00 1.581551474076170125e-02
1.273120139148311569e+00 1.583497060570244683e-02
1.294995008851812957e+00 1.585251862385720495e-02
1.317245734619350461e+00 1.598228007719235122e-02
1.339878774445087073e+00 1.621051477277932543e-02
1.362900697285048812e+00 1.654904198226847187e-02
1.386318184963678979e+00 1.656563022622985215e-02
1.410138034113157079e+00 1.660724219605680049e-02
1.434367158146032883e+00 1.658760961052320806e-02
1.459012589261761583e+00 1.655164333870160973e-02
1.484081480487706495e+00 1.651763103760477483e-02
1.509581107755221252e+00 1.640756388126595952e-02
1.535518872011392366e+00 1.635155587465324939e-02
1.561902301367072532e+00 1.625775068974472104e-02
1.588739053281829294e+00 1.614291044736034658e-02
1.616036916786410815e+00 1.602794296505244756e-02
1.643803814743425074e+00 1.594167354898396588e-02
1.672047806146849114e+00 1.589854930884778209e-02
1.700777088461051134e+00 1.594912581258269707e-02
1.729999999999999982e+00 1.611381042375845465e-02
