3.300000000000001266e-01 1.588470574674363117e-02
3.485606560277109134e-01 1.583882893253167612e-02
3.681652452438438639e-01 1.579171286552797163e-02
3.888724830569613711e-01 1.574851936914407544e-02
4.107443872892715397e-01 1.570832338014728838e-02
4.338464639189354433e-01 1.567218467241317248e-02
4.582479032693546062e-01 1.563524369267142028e-02
4.840217872329977689e-01 1.559817040899393395e-02
5.112453081504213515e-01 1.570737409885045524e-02
5.400000000000000355e-01 1.584171611802618132e-02
