1.327892044371967359e+03 1.000000000000000142e+02
1.327892044371967359e+03 8.302175681319752698e+01
1.327892044371967359e+03 6.892612104349696267e+01
1.327892044371967359e+03 5.722367659350220492e+01
1.327892044371967359e+03 4.750810162102794010e+01
1.327892044371967359e+03 3.944206059437656364e+01
1.327892044371967359e+03 3.274549162877731590e+01
1.327892044371967359e+03 2.718588242732940330e+01
1.327892044371967359e+03 2.257019719633921540e+01
1.327892044371967359e+03 1.873817422860383175e+01
1.327892044371967359e+03 1.555676143930472399e+01
1.327892044371967359e+03 1.291549665014882997e+01
1.327892044371967359e+03 1.072267222010323096e+01
1.327892044371967359e+03 8.902150854450393780e+00
1.327892044371967359e+03 7.390722033525776169e+00
1.327892044371967359e+03 6.135907273413176100e+00
1.327892044371967359e+03 5.094138014816375737e+00
1.327892044371967359e+03 4.229242874389499640e+00
1.327892044371967359e+03 3.511191734215127980e+00
1.327892044371967359e+03 2.915053062825175623e+00
1.327892044371967359e+03 2.420128264794383810e+00
1.327892044371967359e+03 2.009233002565046000e+00
1.327892044371967359e+03 1.668100537200059241e+00
1.327892044371967359e+03 1.384886371393871718e+00
1.327892044371967359e+03 1.149756995397735793e+00
1.327892044371967359e+03 9.545484566618328559e-01
1.327892044371967359e+03 7.924828983539170535e-01
1.327892044371967359e+03 6.579332246575683163e-01
1.327892044371967359e+03 5.462277217684337050e-01
1.327892044371967359e+03 4.534878508128582508e-01
1.327892044371967359e+03 3.764935806792471529e-01
1.327892044371967359e+03 3.125715849688235348e-01
1.327892044371967359e+03 2.595024211399732383e-01
1.327892044371967359e+03 2.154434690031882260e-01
1.327892044371967359e+03 1.788649529057435295e-01
1.327892044371967359e+03 1.484968262254463545e-01
1.327892044371967359e+03 1.232846739442065992e-01
1.327892044371967359e+03 1.023531021899027060e-01
1.327892044371967359e+03 8.497534359086438005e-02
1.327892044371967359e+03 7.054802310718638614e-02
1.327892044371967359e+03 5.857020818056662276e-02
1.327892044371967359e+03 4.862601580065348955e-02
1.327892044371967359e+03 4.037017258596554276e-02
1.327892044371967359e+03 3.351602650938841077e-02
1.327892044371967359e+03 2.782559402207123583e-02
1.327892044371967359e+03 2.310129700083158460e-02
1.327892044371967359e+03 1.917910261672486905e-02
1.327892044371967359e+03 1.592282793341090810e-02
1.327892044371967359e+03 1.321941148466028795e-02
1.327892044371967359e+03 1.097498765493055625e-02
1.327892044371967359e+03 9.111627561154888796e-03
1.327892044371967359e+03 7.564633275546276195e-03
1.327892044371967359e+03 6.280291441834247486e-03
1.327892044371967359e+03 5.214008287999684008e-03
1.327892044371967359e+03 4.328761281083053081e-03
1.327892044371967359e+03 3.593813663804625805e-03
1.327892044371967359e+03 2.983647240283334324e-03
1.327892044371967359e+03 2.477076355991709132e-03
1.327892044371967359e+03 2.056512308348651657e-03
1.327892044371967359e+03 1.707352647470688914e-03
1.327892044371967359e+03 1.417474162926804808e-03
1.327892044371967359e+03 1.176811952434996802e-03
1.327892044371967359e+03 9.770099572992247371e-04
1.327892044371967359e+03 8.111308307896856031e-04
1.327892044371967359e+03 6.734150657750814697e-04
1.327892044371967359e+03 5.590810182512222660e-04
1.327892044371967359e+03 4.641588833612773522e-04
1.327892044371967359e+03 3.853528593710527734e-04
1.327892044371967359e+03 3.199267137797377888e-04
1.327892044371967359e+03 2.656087782946684275e-04
1.327892044371967359e+03 2.205130739903041258e-04
1.327892044371967359e+03 1.830738280295366339e-04
1.327892044371967359e+03 1.519911082952933351e-04
1.327892044371967359e+03 1.261856883066018585e-04
1.327892044371967359e+03 1.047615752789664132e-04
1.327892044371967359e+03 8.697490026177818155e-05
1.327892044371967359e+03 7.220809018385457615e-05
1.327892044371967359e+03 5.994842503189408905e-05
1.327892044371967359e+03 4.977023564332103795e-05
1.327892044371967359e+03 4.132012400115334376e-05
1.327892044371967359e+03 3.430469286314912652e-05
1.327892044371967359e+03 2.848035868435799396e-05
1.327892044371967359e+03 2.364489412645402454e-05
1.327892044371967359e+03 1.963040650040268496e-05
1.327892044371967359e+03 1.629750834620643783e-05
1.327892044371967359e+03 1.353047774579805024e-05
1.327892044371967359e+03 1.123324032978026594e-05
1.327892044371967359e+03 9.326033468832181083e-06
1.327892044371967359e+03 7.742636826811263341e-06
1.327892044371967359e+03 6.428073117284306733e-06
1.327892044371967359e+03 5.336699231206302861e-06
1.327892044371967359e+03 4.430621457583878230e-06
1.327892044371967359e+03 3.678379771828626713e-06
1.327892044371967359e+03 3.053855508833412725e-06
1.327892044371967359e+03 2.535364493970106576e-06
1.327892044371967359e+03 2.104904144512017605e-06
1.327892044371967359e+03 1.747528400007683116e-06
1.327892044371967359e+03 1.450828778495937304e-06
1.327892044371967359e+03 1.204503540258781267e-06
1.327892044371967359e+03 1.000000000000000167e-06
