5.900000000000000799e-01 1.610271510818610252e-02
6.235095244242215839e-01 1.585580296303524747e-02
6.589222492334219083e-01 1.574738289446485015e-02
6.963462682238460433e-01 1.572499846594534872e-02
7.358958144658163114e-01 1.580265489081277008e-02
7.776916089887407901e-01 1.591139258063556730e-02
8.218612292699613020e-01 1.573836505624229276e-02
8.685394986522370075e-01 1.565000135320928493e-02
9.178688978784881325e-01 1.580108806388344847e-02
9.700000000000000844e-01 1.597826937454005503e-02
