1.130000000000001226e+00 1.605871497547700991e-02
1.149415766041918419e+00 1.613370350778817880e-02
1.169165135597989291e+00 1.612729408085999960e-02
1.189253840675102314e+00 1.606110547531139701e-02
1.209687711768022034e+00 1.598057001814796180e-02
1.230472679551623649e+00 1.595463539481599413e-02
1.251614776602194778e+00 1.581533142118661875e-02
1.273120139148311569e+00 1.583472673768560740e-02
1.294995008851812957e+00 1.585180567155390630e-02
1.317245734619350461e+00 1.598152168417305702e-02
1.339878774445087073e+00 1.620979687419057610e-02
1.362900697285048812e+00 1.654913374888251215e-02
1.386318184963678979e+00 1.656559233416361049e-02
1.410138034113157079e+00 1.660749447735591564e-02
1.434367158146032883e+00 1.658807358681232622e-02
1.459012589261761583e+00 1.655199349503199205e-02
1.484081480487706495e+00 1.651834683958080391e-02
1.509581107755221252e+00 1.640798905771096924e-02
1.535518872011392366e+00 1.635164218346888548e-02
1.561902301367072532e+00 1.625833094972910231e-02
1.588739053281829294e+00 1.614362933148080076e-02
1.616036916786410815e+00 1.602891492378013052e-02
1.643803814743425074e+00 1.594294309601750406e-02
1.672047806146849114e+00 1.589950011298940993e-02
1.700777088461051134e+00 1.595001500117807641e-02
1.729999999999999982e+00 1.611385894287785045e-02
