1.130000000000001226e+00 1.605977096658373071e-02
1.149415766041918419e+00 1.613472052010028052e-02
1.169165135597989291e+00 1.612794281140441169e-02
1.189253840675102314e+00 1.606140612772347098e-02
1.209687711768022034e+00 1.598054745277242839e-02
1.230472679551623649e+00 1.595458558635949251e-02
1.251614776602194778e+00 1.581447587568368326e-02
1.273120139148311569e+00 1.583446320682938696e-02
1.294995008851812957e+00 1.585204551888152666e-02
1.317245734619350461e+00 1.598198199048302820e-02
1.339878774445087073e+00 1.620971823619915889e-02
1.362900697285048812e+00 1.654805940792961408e-02
1.386318184963678979e+00 1.656416551195310019e-02
1.410138034113157079e+00 1.660599651444231648e-02
1.434367158146032883e+00 1.658669891955540446e-02
1.459012589261761583e+00 1.655057508475561365e-02
1.484081480487706495e+00 1.651638272353248005e-02
1.509581107755221252e+00 1.640613010415578263e-02
1.535518872011392366e+00 1.634896464711096259e-02
1.561902301367072532e+00 1.625495319539854364e-02
1.588739053281829294e+00 1.614024236314825014e-02
1.616036916786410815e+00 1.602530373955967855e-02
1.643803814743425074e+00 1.593930250949192676e-02
1.672047806146849114e+00 1.589706619542425800e-02
1.700777088461051134e+00 1.594775152891278816e-02
1.729999999999999982e+00 1.611203422818755296e-02
