5.900000000000000799e-01 1.609891185109412967e-02
6.235095244242215839e-01 1.585314975910784643e-02
6.589222492334219083e-01 1.574485442642627533e-02
6.963462682238460433e-01 1.572652460321243353e-02
7.358958144658163114e-01 1.580501426095530168e-02
7.776916089887407901e-01 1.591904812165479202e-02
8.218612292699613020e-01 1.573955256372898751e-02
8.685394986522370075e-01 1.565079471860464366e-02
9.178688978784881325e-01 1.580157077505015342e-02
9.700000000000000844e-01 1.597817458026155532e-02
