3.300000000000001266e-01 1.588452580383889479e-02
3.485606560277109134e-01 1.583934816205296095e-02
3.681652452438438639e-01 1.579328386029580852e-02
3.888724830569613711e-01 1.575156397288032459e-02
4.107443872892715397e-01 1.571235040550148301e-02
4.338464639189354433e-01 1.567283587757699673e-02
4.582479032693546062e-01 1.563531869065073326e-02
4.840217872329977689e-01 1.559891947044054518e-02
5.112453081504213515e-01 1.570944144147730717e-02
5.400000000000000355e-01 1.584241176322685740e-02
