3.300000000000001266e-01 1.588358881008640131e-02
3.485606560277109134e-01 1.583801459899030969e-02
3.681652452438438639e-01 1.579122758387756231e-02
3.888724830569613711e-01 1.574954183815615097e-02
4.107443872892715397e-01 1.571080242914027481e-02
4.338464639189354433e-01 1.567168858843436680e-02
4.582479032693546062e-01 1.563401784146020712e-02
4.840217872329977689e-01 1.559764020408534006e-02
5.112453081504213515e-01 1.570959270190661408e-02
5.400000000000000355e-01 1.583945614167875035e-02
