5.900000000000000799e-01 1.610882813725655546e-02
6.235095244242215839e-01 1.586031262725257074e-02
6.589222492334219083e-01 1.574878491177108750e-02
6.963462682238460433e-01 1.572621255650294078e-02
7.358958144658163114e-01 1.580234139521425468e-02
7.776916089887407901e-01 1.591291291199265975e-02
8.218612292699613020e-01 1.573683663425200219e-02
8.685394986522370075e-01 1.564874697655101524e-02
9.178688978784881325e-01 1.580014834807803858e-02
9.700000000000000844e-01 1.597650166587531728e-02
