5.511000000000000343e-01 2.199999999999999699e-03 1.482119453667113049e-02 6.333600000000000482e-05
5.531000000000000361e-01 3.899999999999999387e-03 1.482355559979703363e-02 1.914279999999999975e-04
5.554999999999999938e-01 2.199999999999999699e-03 1.482636412784824054e-02 7.755519999999999905e-05
5.598999999999999533e-01 2.199999999999999699e-03 1.483201966281697676e-02 9.476219999999999880e-05
5.608999999999998431e-01 3.899999999999999387e-03 1.483331587290484012e-02 1.979799999999999984e-04
5.643000000000000238e-01 2.199999999999999699e-03 1.483747560115917380e-02 7.040620000000000363e-05
5.684999999999998943e-01 2.199999999999999699e-03 1.484347510056224263e-02 9.941679999999999994e-05
5.686999999999999833e-01 3.899999999999999387e-03 1.484406686004585176e-02 6.861679999999999668e-05
5.765000000000000124e-01 3.899999999999999387e-03 1.486093294969391236e-02 8.722079999999999677e-05
5.843000000000000416e-01 3.899999999999999387e-03 1.489739718837837859e-02 7.102099999999999646e-05
5.920999999999999597e-01 3.899999999999999387e-03 1.494313080121861467e-02 7.331399999999999636e-05
5.998999999999999888e-01 3.899999999999999387e-03 1.485708643548949888e-02 9.080539999999999630e-05
6.077000000000000179e-01 3.899999999999999387e-03 1.483742894959600572e-02 6.337240000000000332e-05
6.154999999999999361e-01 3.899999999999999387e-03 1.482248891898466786e-02 6.592859999999999758e-05
6.232999999999999652e-01 3.899999999999999387e-03 1.480991478663663298e-02 6.113500000000000336e-05
6.310999999999999943e-01 3.899999999999999387e-03 1.479899353554728868e-02 6.105000000000000671e-05
6.389000000000000234e-01 3.899999999999999387e-03 1.478941094650132633e-02 6.583140000000000129e-05
6.466999999999999416e-01 3.899999999999999387e-03 1.478098096356508795e-02 4.607879999999999664e-05
6.544999999999999707e-01 3.899999999999999387e-03 1.477337194760196606e-02 5.799359999999999986e-05
6.622999999999999998e-01 3.899999999999999387e-03 1.476596865679717478e-02 6.345559999999999601e-05
6.701999999999999069e-01 3.899999999999999387e-03 1.475909463291973957e-02 1.182959999999999936e-04
6.780000000000000471e-01 3.899999999999999387e-03 1.475375206323606761e-02 5.095859999999999691e-05
6.857999999999999652e-01 3.899999999999999387e-03 1.475088720054827142e-02 2.261569999999999965e-04
6.935999999999998833e-01 3.899999999999999387e-03 1.475142990480838960e-02 5.809439999999999727e-05
7.013999999999999124e-01 3.899999999999999387e-03 1.475022149173698532e-02 6.318519999999999942e-05
7.092000000000000526e-01 3.899999999999999387e-03 1.474880789186419627e-02 6.795599999999999785e-05
7.169999999999999707e-01 3.899999999999999387e-03 1.475039989696346442e-02 8.706240000000000181e-05
7.247999999999998888e-01 3.899999999999999387e-03 1.475299473581780790e-02 2.036159999999999966e-04
7.327000000000000179e-01 3.899999999999999387e-03 1.475814711000361830e-02 6.308120000000000177e-05
7.405000000000000471e-01 3.899999999999999387e-03 1.476475817878240837e-02 8.719200000000000138e-05
7.482999999999998542e-01 3.899999999999999387e-03 1.477629130348047382e-02 1.352740000000000062e-04
7.560999999999999943e-01 3.899999999999999387e-03 1.479152960539410408e-02 7.815680000000000359e-05
7.639000000000000234e-01 3.899999999999999387e-03 1.485921224247263063e-02 1.069989999999999966e-04
7.717000000000000526e-01 3.899999999999999387e-03 1.485330949235804526e-02 6.349720000000000592e-05
7.795999999999999597e-01 3.899999999999999387e-03 1.477961585259046987e-02 1.018249999999999949e-04
7.873999999999999888e-01 3.899999999999999387e-03 1.476378280824288368e-02 6.565320000000000357e-05
7.952000000000000179e-01 3.899999999999999387e-03 1.475212145230161455e-02 1.022360000000000017e-04
8.029999999999999361e-01 3.899999999999999387e-03 1.474290544747200449e-02 9.941679999999999994e-05
8.107999999999999652e-01 3.899999999999999387e-03 1.473641565673501803e-02 1.066300000000000006e-04
8.185999999999999943e-01 3.899999999999999387e-03 1.472831252286082443e-02 1.277299999999999985e-04
8.263999999999999124e-01 3.899999999999999387e-03 1.472264826530914755e-02 8.769599999999999520e-05
8.343000000000000416e-01 3.899999999999999387e-03 1.471614446083482387e-02 2.049859999999999920e-04
8.538000000000000034e-01 1.559999999999999755e-02 1.470281516997729368e-02 1.045670000000000036e-04
8.850999999999999979e-01 1.559999999999999755e-02 1.468606215936871760e-02 6.312279999999999812e-05
9.162999999999998924e-01 1.559999999999999755e-02 1.468122189904989133e-02 1.150850000000000001e-04
9.474999999999998979e-01 1.559999999999999755e-02 1.468528589483803978e-02 1.508960000000000000e-04
