3.071999999999999176e-01 8.799999999999998795e-03 1.507732794080598668e-02 1.392739999999999950e-04
3.246999999999999886e-01 8.799999999999998795e-03 1.506191824836283083e-02 9.791999999999999760e-05
3.378999999999999782e-01 4.399999999999999398e-03 1.504723889118027118e-02 1.224900000000000012e-04
3.467000000000000082e-01 4.399999999999999398e-03 1.503494361279093632e-02 1.201279999999999991e-04
3.554999999999999827e-01 4.399999999999999398e-03 1.502080851602592346e-02 1.104839999999999945e-04
3.643000000000000127e-01 4.399999999999999398e-03 1.500481857519759404e-02 9.579180000000000670e-05
3.730999999999999872e-01 4.399999999999999398e-03 1.498719745256684062e-02 1.422619999999999874e-04
3.796999999999999265e-01 2.199999999999999699e-03 1.497352908248746756e-02 9.977760000000000502e-05
3.840999999999999970e-01 2.199999999999999699e-03 1.496385688740658679e-02 1.197170000000000059e-04
3.885000000000000120e-01 2.199999999999999699e-03 1.495394232642793982e-02 8.325239999999999594e-05
3.929000000000000270e-01 2.199999999999999699e-03 1.494385113538137036e-02 1.177630000000000040e-04
3.972999999999999865e-01 2.199999999999999699e-03 1.493352294584439528e-02 1.288010000000000023e-04
4.017000000000000015e-01 2.199999999999999699e-03 1.492298596591956281e-02 7.316400000000000626e-05
4.061000000000000165e-01 2.199999999999999699e-03 1.491243326718223565e-02 1.147650000000000032e-04
4.104999999999999760e-01 2.199999999999999699e-03 1.490188318390472250e-02 1.146610000000000055e-04
4.148999999999999910e-01 2.199999999999999699e-03 1.489128127632007199e-02 7.793280000000000032e-05
4.193000000000000060e-01 2.199999999999999699e-03 1.488058405955201315e-02 8.309600000000000536e-05
4.237000000000000210e-01 2.199999999999999699e-03 1.486995157186151925e-02 7.297800000000000500e-05
4.280999999999999805e-01 2.199999999999999699e-03 1.485956144168288848e-02 8.802720000000000314e-05
4.324999999999999956e-01 2.199999999999999699e-03 1.484937650640107826e-02 1.167070000000000059e-04
4.369000000000000106e-01 2.199999999999999699e-03 1.483946277133076086e-02 8.019000000000000303e-05
4.413000000000000256e-01 2.199999999999999699e-03 1.482989372347582463e-02 1.260900000000000074e-04
4.456999999999999851e-01 2.199999999999999699e-03 1.482061560732155121e-02 1.361699999999999922e-04
4.501000000000000001e-01 2.199999999999999699e-03 1.481186247138610926e-02 7.809279999999999878e-05
4.545000000000000151e-01 2.199999999999999699e-03 1.480356514519502037e-02 6.574500000000000157e-05
4.588999999999999746e-01 2.199999999999999699e-03 1.479565663913474070e-02 6.316960000000000587e-05
4.632999999999999896e-01 2.199999999999999699e-03 1.478830035945147454e-02 5.818560000000000073e-05
4.677000000000000046e-01 2.199999999999999699e-03 1.478141113026573868e-02 9.012459999999999428e-05
4.721000000000000196e-01 2.199999999999999699e-03 1.477490179310044123e-02 7.547879999999999976e-05
4.764999999999999791e-01 2.199999999999999699e-03 1.476882423810960826e-02 1.020429999999999986e-04
4.809000000000000496e-01 2.199999999999999699e-03 1.476315282788158087e-02 1.714929999999999927e-04
4.853000000000000647e-01 2.199999999999999699e-03 1.475787368229710197e-02 8.514800000000000537e-05
4.897000000000000242e-01 2.199999999999999699e-03 1.475294473269121720e-02 9.473880000000000170e-05
4.940999999999999837e-01 2.199999999999999699e-03 1.474829119360184827e-02 5.561860000000000312e-05
4.984999999999999432e-01 2.199999999999999699e-03 1.474394166167811854e-02 6.090500000000000048e-05
5.029000000000000137e-01 2.199999999999999699e-03 1.474221966749293504e-02 7.059760000000000319e-05
5.071999999999999842e-01 2.199999999999999699e-03 1.475148583454849796e-02 8.749440000000000038e-05
5.116000000000000547e-01 2.199999999999999699e-03 1.476828169996584512e-02 1.259540000000000074e-04
5.160000000000000142e-01 2.199999999999999699e-03 1.478395053759059934e-02 1.140410000000000013e-04
5.203999999999999737e-01 2.199999999999999699e-03 1.478821195849513472e-02 8.955480000000000526e-05
5.248000000000000442e-01 2.199999999999999699e-03 1.479242067133041370e-02 9.276559999999999830e-05
5.291999999999998927e-01 2.199999999999999699e-03 1.479611985364844354e-02 7.985339999999999680e-05
5.335999999999999632e-01 2.199999999999999699e-03 1.480088529686296624e-02 7.799680000000000512e-05
5.379999999999999227e-01 2.199999999999999699e-03 1.480552061788698893e-02 6.312799999999999597e-05
5.423999999999999932e-01 2.199999999999999699e-03 1.481090053610654989e-02 7.032500000000000177e-05
5.453000000000000069e-01 3.899999999999999387e-03 1.481415746751848887e-02 2.504510000000000048e-04
5.466999999999999638e-01 2.199999999999999699e-03 1.481562854904124558e-02 9.244640000000000312e-05
