1.121699999999999697e+00 1.467533304459815377e-02
1.140200000000000102e+00 1.466357827586938986e-02
1.158800000000000052e+00 1.465746015480256202e-02
1.177400000000000002e+00 1.465855605926895226e-02
1.195899999999999741e+00 1.463992366636071574e-02
1.214499999999999691e+00 1.462267848142548982e-02
1.233000000000000096e+00 1.461226645410304038e-02
1.251600000000000046e+00 1.459428507432193080e-02
1.270199999999999996e+00 1.459109628398866550e-02
1.288699999999999735e+00 1.458706713550000228e-02
1.307299999999999685e+00 1.460603770197003819e-02
1.325900000000000079e+00 1.465766734823576063e-02
1.344400000000000039e+00 1.475629987386749623e-02
1.362999999999999989e+00 1.477380041637832257e-02
1.381499999999999728e+00 1.472359778891447514e-02
1.400099999999999678e+00 1.476960647209042340e-02
1.418700000000000072e+00 1.480164907884955715e-02
1.437200000000000033e+00 1.479188295283868047e-02
1.455799999999999983e+00 1.475334650987421628e-02
1.474399999999999711e+00 1.476413052494054100e-02
1.492899999999999894e+00 1.474134866870866097e-02
1.511500000000000066e+00 1.471757423059723464e-02
1.530000000000000027e+00 1.472257596616210508e-02
1.548599999999999977e+00 1.469667163918625917e-02
1.567199999999999704e+00 1.469142635504509797e-02
1.585700000000000109e+00 1.468238806308934906e-02
1.604300000000000059e+00 1.465117021147553482e-02
1.622900000000000009e+00 1.464251221245892534e-02
1.639100000000000001e+00 1.463327090723923543e-02
