1.065877754102847803e+03 1.000000000000000142e+02
1.065877754102847803e+03 8.302175681319752698e+01
1.065877754102847803e+03 6.892612104349696267e+01
1.065877721443748442e+03 5.722367659350220492e+01
1.064640766376989177e+03 4.750810162102794010e+01
1.061916912347566949e+03 3.944206059437656364e+01
1.061113506310806542e+03 3.274549162877731590e+01
1.061101268931150116e+03 2.718588242732940330e+01
1.059856263395400674e+03 2.257019719633921540e+01
1.058406714756785505e+03 1.873817422860383175e+01
1.058406587524639917e+03 1.555676143930472399e+01
1.058406112477769057e+03 1.291549665014882997e+01
1.058404606904526645e+03 1.072267222010323096e+01
1.058136957495826891e+03 8.902150854450393780e+00
1.057615776865943417e+03 7.390722033525776169e+00
1.056380863455833833e+03 6.135907273413176100e+00
1.054673024291456841e+03 5.094138014816375737e+00
1.051817153836104126e+03 4.229242874389499640e+00
1.050604161608648610e+03 3.511191734215127980e+00
1.049826317716546100e+03 2.915053062825175623e+00
1.049582245680279129e+03 2.420128264794383810e+00
1.048113215276080382e+03 2.009233002565046000e+00
1.045492015577489610e+03 1.668100537200059241e+00
1.044312590570246812e+03 1.384886371393871718e+00
1.044312564454092126e+03 1.149756995397735793e+00
1.043645199364231303e+03 9.545484566618328559e-01
1.037603746315726767e+03 7.924828983539170535e-01
1.035312612238915563e+03 6.579332246575683163e-01
1.033758632933685249e+03 5.462277217684337050e-01
1.024658980013070959e+03 4.534878508128582508e-01
1.018200529535025908e+03 3.764935806792471529e-01
1.013464300415707953e+03 3.125715849688235348e-01
1.009641649852368460e+03 2.595024211399732383e-01
1.005767248189671250e+03 2.154434690031882260e-01
1.000929876127560647e+03 1.788649529057435295e-01
9.965661781099536256e+02 1.484968262254463545e-01
9.939253393054907519e+02 1.232846739442065992e-01
9.903067467186276644e+02 1.023531021899027060e-01
9.883587528322125308e+02 8.497534359086438005e-02
9.853703763151842168e+02 7.054802310718638614e-02
9.792634074354646145e+02 5.857020818056662276e-02
9.742246777344805651e+02 4.862601580065348955e-02
9.698781046026323338e+02 4.037017258596554276e-02
9.669633393411726274e+02 3.351602650938841077e-02
9.644769338261297662e+02 2.782559402207123583e-02
9.627118200303923459e+02 2.310129700083158460e-02
9.591224366046324121e+02 1.917910261672486905e-02
9.564376397829464622e+02 1.592282793341090810e-02
9.536944380384675242e+02 1.321941148466028795e-02
9.516037422231477194e+02 1.097498765493055625e-02
9.501522835881920628e+02 9.111627561154888796e-03
9.478295842202344375e+02 7.564633275546276195e-03
9.454447497896975392e+02 6.280291441834247486e-03
9.428572680480830286e+02 5.214008287999684008e-03
9.397434490928405921e+02 4.328761281083053081e-03
9.381570956742151566e+02 3.593813663804625805e-03
9.366125966008168007e+02 2.983647240283334324e-03
9.351099518726456381e+02 2.477076355991709132e-03
9.335355617803259065e+02 2.056512308348651657e-03
9.310626798421307058e+02 1.707352647470688914e-03
9.269780051251881332e+02 1.417474162926804808e-03
9.235922135005404243e+02 1.176811952434996802e-03
9.212570837085413586e+02 9.770099572992247371e-04
9.196221616918119253e+02 8.111308307896856031e-04
9.161676412285556808e+02 6.734150657750814697e-04
9.149580009044436792e+02 5.590810182512222660e-04
9.142002262547526925e+02 4.641588833612773522e-04
9.123348950208212500e+02 3.853528593710527734e-04
9.101497575209860997e+02 3.199267137797377888e-04
9.065860788404567074e+02 2.656087782946684275e-04
9.039209257849086043e+02 2.205130739903041258e-04
9.029002200786774210e+02 1.830738280295366339e-04
9.019180726377436486e+02 1.519911082952933351e-04
9.002275978621845525e+02 1.261856883066018585e-04
8.972317856214300491e+02 1.047615752789664132e-04
8.955168899861462251e+02 8.697490026177818155e-05
8.943083340460397039e+02 7.220809018385457615e-05
8.930496649109021519e+02 5.994842503189408905e-05
8.918387454723819019e+02 4.977023564332103795e-05
8.903812574034391218e+02 4.132012400115334376e-05
8.895525617235886102e+02 3.430469286314912652e-05
8.877618714946304408e+02 2.848035868435799396e-05
8.868675724600245758e+02 2.364489412645402454e-05
8.863228668691314169e+02 1.963040650040268496e-05
8.835880980706136825e+02 1.629750834620643783e-05
8.823744432292653528e+02 1.353047774579805024e-05
8.817866012665773496e+02 1.123324032978026594e-05
8.812304796209076585e+02 9.326033468832181083e-06
8.799408791057701364e+02 7.742636826811263341e-06
8.779870275308364853e+02 6.428073117284306733e-06
8.763204906916773780e+02 5.336699231206302861e-06
8.751427721148962746e+02 4.430621457583878230e-06
8.741091102648289279e+02 3.678379771828626713e-06
8.730374282192785813e+02 3.053855508833412725e-06
8.724134852694796791e+02 2.535364493970106576e-06
8.720323741230876067e+02 2.104904144512017605e-06
8.715666702056671511e+02 1.747528400007683116e-06
8.712031830144369451e+02 1.450828778495937304e-06
8.707446702192705743e+02 1.204503540258781267e-06
8.704236985155695265e+02 1.000000000000000167e-06
