1.845499402303563102e+03 1.000000000000000142e+02
1.845499402303563102e+03 8.302175681319752698e+01
1.845499402303563102e+03 6.892612104349696267e+01
1.845499402303563102e+03 5.722367659350220492e+01
1.845499402303563102e+03 4.750810162102794010e+01
1.843721344634358502e+03 3.944206059437656364e+01
1.842696832072665757e+03 3.274549162877731590e+01
1.838431099024604237e+03 2.718588242732940330e+01
1.832985959960787113e+03 2.257019719633921540e+01
1.824526934597780155e+03 1.873817422860383175e+01
1.808466219406016307e+03 1.555676143930472399e+01
1.802901846582460394e+03 1.291549665014882997e+01
1.800389579009239242e+03 1.072267222010323096e+01
1.787374535163349492e+03 8.902150854450393780e+00
1.783298977258636796e+03 7.390722033525776169e+00
1.781107803287116440e+03 6.135907273413176100e+00
1.777386658098088901e+03 5.094138014816375737e+00
1.760905056308224403e+03 4.229242874389499640e+00
1.746414305319669666e+03 3.511191734215127980e+00
1.740653995968626987e+03 2.915053062825175623e+00
1.734130227380774159e+03 2.420128264794383810e+00
1.725483659212399971e+03 2.009233002565046000e+00
1.716201437948782313e+03 1.668100537200059241e+00
1.711480715373798148e+03 1.384886371393871718e+00
1.707746337825237333e+03 1.149756995397735793e+00
1.696731963592104421e+03 9.545484566618328559e-01
1.693567657831939641e+03 7.924828983539170535e-01
1.690710678250319688e+03 6.579332246575683163e-01
1.683694119304803962e+03 5.462277217684337050e-01
1.670516216440833432e+03 4.534878508128582508e-01
1.663573996556383918e+03 3.764935806792471529e-01
1.644787708512232030e+03 3.125715849688235348e-01
1.628779084577076446e+03 2.595024211399732383e-01
1.617140617109320374e+03 2.154434690031882260e-01
1.607106201520012291e+03 1.788649529057435295e-01
1.594352671757639882e+03 1.484968262254463545e-01
1.582272768030333054e+03 1.232846739442065992e-01
1.569584450243468609e+03 1.023531021899027060e-01
1.565766431804202284e+03 8.497534359086438005e-02
1.561993806700160803e+03 7.054802310718638614e-02
1.554591895851739082e+03 5.857020818056662276e-02
1.549995931874868802e+03 4.862601580065348955e-02
1.541045571429971233e+03 4.037017258596554276e-02
1.531916549239201231e+03 3.351602650938841077e-02
1.525117155126690704e+03 2.782559402207123583e-02
1.519104024175926725e+03 2.310129700083158460e-02
1.512375625019620657e+03 1.917910261672486905e-02
1.500693510397778027e+03 1.592282793341090810e-02
1.484536899253202137e+03 1.321941148466028795e-02
1.481973023077711105e+03 1.097498765493055625e-02
1.478681909232339876e+03 9.111627561154888796e-03
1.473663601840602041e+03 7.564633275546276195e-03
1.470935610396077209e+03 6.280291441834247486e-03
1.466837301035977816e+03 5.214008287999684008e-03
1.463204137231507957e+03 4.328761281083053081e-03
1.456659320045229151e+03 3.593813663804625805e-03
1.449402484700469131e+03 2.983647240283334324e-03
1.441838724666246890e+03 2.477076355991709132e-03
1.438258959935826397e+03 2.056512308348651657e-03
1.432117586844980451e+03 1.707352647470688914e-03
1.426147527312425609e+03 1.417474162926804808e-03
1.422674438256920439e+03 1.176811952434996802e-03
1.418474849389179326e+03 9.770099572992247371e-04
1.415693678555167253e+03 8.111308307896856031e-04
1.408371684402437722e+03 6.734150657750814697e-04
1.403703390959464969e+03 5.590810182512222660e-04
1.399642557433007369e+03 4.641588833612773522e-04
1.392413095749129525e+03 3.853528593710527734e-04
1.390244479942355611e+03 3.199267137797377888e-04
1.387660315810697966e+03 2.656087782946684275e-04
1.384958801139392108e+03 2.205130739903041258e-04
1.383145746827018456e+03 1.830738280295366339e-04
1.381968685241584126e+03 1.519911082952933351e-04
1.377301975265391320e+03 1.261856883066018585e-04
1.372386749188712201e+03 1.047615752789664132e-04
1.365936904845167192e+03 8.697490026177818155e-05
1.363015419632720750e+03 7.220809018385457615e-05
1.361688861917239592e+03 5.994842503189408905e-05
1.357620811558773767e+03 4.977023564332103795e-05
1.357076725271060695e+03 4.132012400115334376e-05
1.356559147101902681e+03 3.430469286314912652e-05
1.355686780677795468e+03 2.848035868435799396e-05
1.354712437469279848e+03 2.364489412645402454e-05
1.352917822136365885e+03 1.963040650040268496e-05
1.349361684582035878e+03 1.629750834620643783e-05
1.346546618762628214e+03 1.353047774579805024e-05
1.345002103100261820e+03 1.123324032978026594e-05
1.343666848922666986e+03 9.326033468832181083e-06
1.342558517606387568e+03 7.742636826811263341e-06
1.341935271262529341e+03 6.428073117284306733e-06
1.341503859178266339e+03 5.336699231206302861e-06
1.341117789800345463e+03 4.430621457583878230e-06
1.337792642602947808e+03 3.678379771828626713e-06
1.337609232885984966e+03 3.053855508833412725e-06
1.337453300469486976e+03 2.535364493970106576e-06
1.337324125431599668e+03 2.104904144512017605e-06
1.337220471748701129e+03 1.747528400007683116e-06
1.337140434956999343e+03 1.450828778495937304e-06
1.337081381430358306e+03 1.204503540258781267e-06
1.337040042319966233e+03 1.000000000000000167e-06
