9.017419474239835608e+02 1.000000000000000142e+02
9.017419474239835608e+02 8.302175681319752698e+01
9.017419474239835608e+02 6.892612104349696267e+01
9.017419474239835608e+02 5.722367659350220492e+01
9.017419474239835608e+02 4.750810162102794010e+01
9.017419474239835608e+02 3.944206059437656364e+01
9.017419474239835608e+02 3.274549162877731590e+01
9.017419474239835608e+02 2.718588242732940330e+01
9.017419474239835608e+02 2.257019719633921540e+01
9.017419306221148645e+02 1.873817422860383175e+01
9.017418414018170552e+02 1.555676143930472399e+01
9.017415154937147008e+02 1.291549665014882997e+01
9.017404955138244986e+02 1.072267222010323096e+01
9.017376505005486251e+02 8.902150854450393780e+00
9.017305029512887131e+02 7.390722033525776169e+00
9.017142612894250533e+02 6.135907273413176100e+00
9.016807862180132815e+02 5.094138014816375737e+00
9.016180341260209161e+02 4.229242874389499640e+00
9.015107006305681807e+02 3.511191734215127980e+00
9.013425389576600537e+02 2.915053062825175623e+00
9.011000571109250359e+02 2.420128264794383810e+00
9.007763560626532353e+02 2.009233002565046000e+00
9.005824220686397439e+02 1.668100537200059241e+00
9.005776614030183964e+02 1.384886371393871718e+00
9.005654843834338408e+02 1.149756995397735793e+00
9.005373107498439822e+02 9.545484566618328559e-01
9.004781819513767687e+02 7.924828983539170535e-01
9.003653208012185587e+02 6.579332246575683163e-01
9.001688183060739448e+02 5.462277217684337050e-01
8.989052806019066111e+02 4.534878508128582508e-01
8.977728972373387251e+02 3.764935806792471529e-01
8.975206044403718124e+02 3.125715849688235348e-01
8.974978929335376279e+02 2.595024211399732383e-01
8.973721650442676037e+02 2.154434690031882260e-01
8.964318869835811938e+02 1.788649529057435295e-01
8.954788595456070652e+02 1.484968262254463545e-01
8.912262954183896682e+02 1.232846739442065992e-01
8.900156033851217217e+02 1.023531021899027060e-01
8.891331118952739416e+02 8.497534359086438005e-02
8.882369685155819070e+02 7.054802310718638614e-02
8.874593987874292225e+02 5.857020818056662276e-02
8.859896773194477646e+02 4.862601580065348955e-02
8.846449680272318119e+02 4.037017258596554276e-02
8.845366040305660817e+02 3.351602650938841077e-02
8.826846908036908417e+02 2.782559402207123583e-02
8.787699710011195293e+02 2.310129700083158460e-02
8.764806859634226157e+02 1.917910261672486905e-02
8.742889289234218495e+02 1.592282793341090810e-02
8.721777922927507234e+02 1.321941148466028795e-02
8.701716862853730845e+02 1.097498765493055625e-02
8.689581683810390587e+02 9.111627561154888796e-03
8.667406581823877332e+02 7.564633275546276195e-03
8.639817414300381415e+02 6.280291441834247486e-03
8.618134394641538165e+02 5.214008287999684008e-03
8.604739136116328382e+02 4.328761281083053081e-03
8.595216978392317060e+02 3.593813663804625805e-03
8.586595519536749634e+02 2.983647240283334324e-03
8.573054043422438326e+02 2.477076355991709132e-03
8.558529478942672313e+02 2.056512308348651657e-03
8.539913135942719009e+02 1.707352647470688914e-03
8.522336431274474080e+02 1.417474162926804808e-03
8.505864324391116043e+02 1.176811952434996802e-03
8.490552493573997026e+02 9.770099572992247371e-04
8.476424455357279157e+02 8.111308307896856031e-04
8.463451783083899045e+02 6.734150657750814697e-04
8.448114155356340689e+02 5.590810182512222660e-04
8.432959906724953498e+02 4.641588833612773522e-04
8.418711037948363582e+02 3.853528593710527734e-04
8.405915741593140638e+02 3.199267137797377888e-04
8.393526645122211676e+02 2.656087782946684275e-04
8.381543748535573286e+02 2.205130739903041258e-04
8.369967051833230016e+02 1.830738280295366339e-04
8.358796555015177319e+02 1.519911082952933351e-04
8.348032258081418604e+02 1.261856883066018585e-04
8.337674161031952735e+02 1.047615752789664132e-04
8.327722263866779713e+02 8.697490026177818155e-05
8.318176566585898399e+02 7.220809018385457615e-05
8.309037069189312206e+02 5.994842503189408905e-05
8.300303771677016584e+02 4.977023564332103795e-05
8.291976674049013809e+02 4.132012400115334376e-05
8.280781297405102350e+02 3.430469286314912652e-05
8.270503908408620646e+02 2.848035868435799396e-05
8.265058471556233144e+02 2.364489412645402454e-05
8.256825902614384631e+02 1.963040650040268496e-05
8.249613696868461830e+02 1.629750834620643783e-05
8.240712218615486790e+02 1.353047774579805024e-05
8.224233300902830024e+02 1.123324032978026594e-05
8.215618054711629838e+02 9.326033468832181083e-06
8.202727289058202587e+02 7.742636826811263341e-06
8.192731866701092258e+02 6.428073117284306733e-06
8.181909938894112884e+02 5.336699231206302861e-06
8.166412315676286653e+02 4.430621457583878230e-06
8.156146012211675043e+02 3.678379771828626713e-06
8.150042148586859412e+02 3.053855508833412725e-06
8.146954557600718090e+02 2.535364493970106576e-06
8.144396784870884858e+02 2.104904144512017605e-06
8.142344356106005989e+02 1.747528400007683116e-06
8.138795590833842653e+02 1.450828778495937304e-06
8.135809044379036550e+02 1.204503540258781267e-06
8.133718378831888458e+02 1.000000000000000167e-06
