1.401615393451045293e+03 1.000000000000000142e+02
1.401615393451045293e+03 8.302175681319752698e+01
1.401615393451045293e+03 6.892612104349696267e+01
1.400317057016383615e+03 5.722367659350220492e+01
1.395494358433799562e+03 4.750810162102794010e+01
1.394952444314945069e+03 3.944206059437656364e+01
1.393448045165874646e+03 3.274549162877731590e+01
1.391621909325450588e+03 2.718588242732940330e+01
1.390473453300120354e+03 2.257019719633921540e+01
1.387514076672904821e+03 1.873817422860383175e+01
1.385958641957085547e+03 1.555676143930472399e+01
1.385958632654944495e+03 1.291549665014882997e+01
1.385958134321768512e+03 1.072267222010323096e+01
1.379279169198909585e+03 8.902150854450393780e+00
1.377789559517245834e+03 7.390722033525776169e+00
1.375857251596119795e+03 6.135907273413176100e+00
1.374649873054461068e+03 5.094138014816375737e+00
1.366263565345284178e+03 4.229242874389499640e+00
1.361148622713035365e+03 3.511191734215127980e+00
1.359625439414723587e+03 2.915053062825175623e+00
1.358278146570689159e+03 2.420128264794383810e+00
1.354865669782425357e+03 2.009233002565046000e+00
1.352006468760112512e+03 1.668100537200059241e+00
1.343433720291484633e+03 1.384886371393871718e+00
1.337234778474090035e+03 1.149756995397735793e+00
1.334448362453206073e+03 9.545484566618328559e-01
1.334109410589100889e+03 7.924828983539170535e-01
1.331913617707898084e+03 6.579332246575683163e-01
1.327807287834401222e+03 5.462277217684337050e-01
1.321120203951780695e+03 4.534878508128582508e-01
1.314575431624419025e+03 3.764935806792471529e-01
1.310501470750235740e+03 3.125715849688235348e-01
1.307108649395279372e+03 2.595024211399732383e-01
1.303871519520473612e+03 2.154434690031882260e-01
1.302069133585487634e+03 1.788649529057435295e-01
1.297940688793903519e+03 1.484968262254463545e-01
1.287537005852048196e+03 1.232846739442065992e-01
1.280169878372037147e+03 1.023531021899027060e-01
1.277335936339477257e+03 8.497534359086438005e-02
1.273797603635886162e+03 7.054802310718638614e-02
1.270208854728427696e+03 5.857020818056662276e-02
1.262767883454740513e+03 4.862601580065348955e-02
1.257431558762543318e+03 4.037017258596554276e-02
1.248892971381169218e+03 3.351602650938841077e-02
1.238821247853596105e+03 2.782559402207123583e-02
1.227796893191767140e+03 2.310129700083158460e-02
1.222437544598096792e+03 1.917910261672486905e-02
1.210186825011381870e+03 1.592282793341090810e-02
1.206087414109418432e+03 1.321941148466028795e-02
1.200680781042559829e+03 1.097498765493055625e-02
1.195221267651844755e+03 9.111627561154888796e-03
1.189826507097311605e+03 7.564633275546276195e-03
1.187361851874160493e+03 6.280291441834247486e-03
1.180773750359894620e+03 5.214008287999684008e-03
1.176382684350246791e+03 4.328761281083053081e-03
1.169853904762574530e+03 3.593813663804625805e-03
1.162274151835113116e+03 2.983647240283334324e-03
1.155456629593467596e+03 2.477076355991709132e-03
1.144452159997306126e+03 2.056512308348651657e-03
1.134214754850226427e+03 1.707352647470688914e-03
1.130837164123936873e+03 1.417474162926804808e-03
1.129088364427472015e+03 1.176811952434996802e-03
1.127458603226575178e+03 9.770099572992247371e-04
1.123493066577247419e+03 8.111308307896856031e-04
1.120886522765961672e+03 6.734150657750814697e-04
1.116171169689811450e+03 5.590810182512222660e-04
1.110198405096944725e+03 4.641588833612773522e-04
1.108797668409673179e+03 3.853528593710527734e-04
1.104854747685257735e+03 3.199267137797377888e-04
1.102314121862251341e+03 2.656087782946684275e-04
1.098432783098449136e+03 2.205130739903041258e-04
1.095358291915769996e+03 1.830738280295366339e-04
1.091234239812620899e+03 1.519911082952933351e-04
1.088919725528844310e+03 1.261856883066018585e-04
1.083436032199394049e+03 1.047615752789664132e-04
1.081067503725247434e+03 8.697490026177818155e-05
1.078926972559524302e+03 7.220809018385457615e-05
1.077506404461918009e+03 5.994842503189408905e-05
1.075445921234918387e+03 4.977023564332103795e-05
1.073012273457376750e+03 4.132012400115334376e-05
1.072315096931349444e+03 3.430469286314912652e-05
1.067349775883243183e+03 2.848035868435799396e-05
1.065522896814260093e+03 2.364489412645402454e-05
1.064257747791479915e+03 1.963040650040268496e-05
1.063786610429198163e+03 1.629750834620643783e-05
1.062786868366544468e+03 1.353047774579805024e-05
1.059988141306804437e+03 1.123324032978026594e-05
1.059734202779109182e+03 9.326033468832181083e-06
1.056648092505280601e+03 7.742636826811263341e-06
1.055609346629342781e+03 6.428073117284306733e-06
1.055420536044054870e+03 5.336699231206302861e-06
1.055251570018609755e+03 4.430621457583878230e-06
1.055102396125707173e+03 3.678379771828626713e-06
1.052826546333892338e+03 3.053855508833412725e-06
1.052445104812780073e+03 2.535364493970106576e-06
1.051416754646123309e+03 2.104904144512017605e-06
1.050813017874188972e+03 1.747528400007683116e-06
1.050751046994291983e+03 1.450828778495937304e-06
1.050705323034983167e+03 1.204503540258781267e-06
1.050673314992297946e+03 1.000000000000000167e-06
