3.071999999999999176e-01 1.504740225115803326e-02
3.246999999999999886e-01 1.502140987899752526e-02
3.378999999999999782e-01 1.499996274671997441e-02
3.467000000000000082e-01 1.498465494484971412e-02
3.554999999999999827e-01 1.496901112780155141e-02
3.643000000000000127e-01 1.495348701087326378e-02
3.730999999999999872e-01 1.493738787234758988e-02
3.796999999999999265e-01 1.492569921698241181e-02
3.840999999999999970e-01 1.491794724410897346e-02
3.885000000000000120e-01 1.491028821490275255e-02
3.929000000000000270e-01 1.490271119657511634e-02
3.972999999999999865e-01 1.489499168826798753e-02
4.017000000000000015e-01 1.488747462927816727e-02
4.061000000000000165e-01 1.487992910698576927e-02
4.104999999999999760e-01 1.487237556299888901e-02
4.148999999999999910e-01 1.486487497130794394e-02
4.193000000000000060e-01 1.485761531835508992e-02
4.237000000000000210e-01 1.485046616622176172e-02
4.280999999999999805e-01 1.484325127298203977e-02
4.324999999999999956e-01 1.483602659086619667e-02
4.369000000000000106e-01 1.482863084822559976e-02
4.413000000000000256e-01 1.482157680135772794e-02
4.456999999999999851e-01 1.481453692565860153e-02
4.501000000000000001e-01 1.480749069139812059e-02
4.545000000000000151e-01 1.480065787120649762e-02
4.588999999999999746e-01 1.479369114166041721e-02
4.632999999999999896e-01 1.478691673546462734e-02
4.677000000000000046e-01 1.478017542062800248e-02
4.721000000000000196e-01 1.477357462133362977e-02
4.764999999999999791e-01 1.476691603707173776e-02
4.809000000000000496e-01 1.476005627886572968e-02
4.853000000000000647e-01 1.475356012506519668e-02
4.897000000000000242e-01 1.474708000012638423e-02
4.940999999999999837e-01 1.474094007636649918e-02
4.984999999999999432e-01 1.473629833513566412e-02
5.029000000000000137e-01 1.473588015967803450e-02
5.071999999999999842e-01 1.474386499990597808e-02
5.116000000000000547e-01 1.475949563766647092e-02
5.160000000000000142e-01 1.477351847022121550e-02
5.203999999999999737e-01 1.477692572872767000e-02
5.248000000000000442e-01 1.478006638348759033e-02
5.291999999999998927e-01 1.478381899763997302e-02
5.335999999999999632e-01 1.478821342343300711e-02
5.379999999999999227e-01 1.479316496281974855e-02
5.423999999999999932e-01 1.479876302332081353e-02
5.453000000000000069e-01 1.480181979533435992e-02
5.466999999999999638e-01 1.480364306071962899e-02
