5.511000000000000343e-01 1.480963047826676197e-02
5.531000000000000361e-01 1.481194143075164303e-02
5.554999999999999938e-01 1.481482624477108156e-02
5.598999999999999533e-01 1.482075810736057861e-02
5.608999999999998431e-01 1.482210051807162504e-02
5.643000000000000238e-01 1.482732096298379661e-02
5.684999999999998943e-01 1.483274284958677192e-02
5.686999999999999833e-01 1.483308484201142398e-02
5.765000000000000124e-01 1.485085023934419254e-02
5.843000000000000416e-01 1.489105070919837133e-02
5.920999999999999597e-01 1.493291541172068332e-02
5.998999999999999888e-01 1.484821807757079511e-02
6.077000000000000179e-01 1.482860414346020422e-02
6.154999999999999361e-01 1.481331496121668194e-02
6.232999999999999652e-01 1.480096169305621101e-02
6.310999999999999943e-01 1.479032182799722150e-02
6.389000000000000234e-01 1.478085009614244633e-02
6.466999999999999416e-01 1.477254788664410928e-02
6.544999999999999707e-01 1.476524570325937410e-02
6.622999999999999998e-01 1.475737939504218749e-02
6.701999999999999069e-01 1.475114368645526197e-02
6.780000000000000471e-01 1.474549258016180121e-02
6.857999999999999652e-01 1.474177016364552201e-02
6.935999999999998833e-01 1.474194576993559727e-02
7.013999999999999124e-01 1.473975000645993440e-02
7.092000000000000526e-01 1.473763662081363675e-02
7.169999999999999707e-01 1.474028283677060458e-02
7.247999999999998888e-01 1.474042759786879306e-02
7.327000000000000179e-01 1.474273134855685202e-02
7.405000000000000471e-01 1.474858004514464221e-02
7.482999999999998542e-01 1.475938122445097714e-02
7.560999999999999943e-01 1.477206039108679841e-02
7.639000000000000234e-01 1.484157839314117350e-02
7.717000000000000526e-01 1.483564015006344321e-02
7.795999999999999597e-01 1.476279538979254069e-02
7.873999999999999888e-01 1.474648491614380039e-02
7.952000000000000179e-01 1.473526678532236303e-02
8.029999999999999361e-01 1.472638346750431738e-02
8.107999999999999652e-01 1.472103895114988681e-02
8.185999999999999943e-01 1.471273064501135361e-02
8.263999999999999124e-01 1.470560750608157843e-02
8.343000000000000416e-01 1.469929662036188918e-02
8.538000000000000034e-01 1.468710334767550640e-02
8.850999999999999979e-01 1.467233438053809971e-02
9.162999999999998924e-01 1.466857701950079022e-02
9.474999999999998979e-01 1.467745387438729524e-02
