2.665011520948046837e+03 1.000000000000000142e+02
2.664015366119681403e+03 8.302175681319752698e+01
2.661986726192852984e+03 6.892612104349696267e+01
2.658230449261007379e+03 5.722367659350220492e+01
2.651885429066187044e+03 4.750810162102794010e+01
2.649944731552168832e+03 3.944206059437656364e+01
2.649770145554110968e+03 3.274549162877731590e+01
2.649336698888453611e+03 2.718588242732940330e+01
2.648363798122102253e+03 2.257019719633921540e+01
2.646384097569621645e+03 1.873817422860383175e+01
2.645994477473659572e+03 1.555676143930472399e+01
2.645987690303320051e+03 1.291549665014882997e+01
2.627393124575251022e+03 1.072267222010323096e+01
2.621525139017727270e+03 8.902150854450393780e+00
2.607048322734622161e+03 7.390722033525776169e+00
2.588780820188052076e+03 6.135907273413176100e+00
2.581091070980424774e+03 5.094138014816375737e+00
2.571705035879289426e+03 4.229242874389499640e+00
2.556683364032774080e+03 3.511191734215127980e+00
2.539635090021867654e+03 2.915053062825175623e+00
2.537551302584238329e+03 2.420128264794383810e+00
2.535459187085565645e+03 2.009233002565046000e+00
2.535459187085565645e+03 1.668100537200059241e+00
2.515988165606990606e+03 1.384886371393871718e+00
2.437820945912938441e+03 1.149756995397735793e+00
2.403728582742746767e+03 9.545484566618328559e-01
2.341990254492491658e+03 7.924828983539170535e-01
2.295308078936173843e+03 6.579332246575683163e-01
2.263293600497720490e+03 5.462277217684337050e-01
2.219007412805131935e+03 4.534878508128582508e-01
2.191971019866722600e+03 3.764935806792471529e-01
2.163635293894018105e+03 3.125715849688235348e-01
2.150019463864789032e+03 2.595024211399732383e-01
2.134288821253820970e+03 2.154434690031882260e-01
2.115017816342757669e+03 1.788649529057435295e-01
2.090525362862673774e+03 1.484968262254463545e-01
2.030563928342126019e+03 1.232846739442065992e-01
1.984170494468809693e+03 1.023531021899027060e-01
1.974385131550845927e+03 8.497534359086438005e-02
1.964098209605682314e+03 7.054802310718638614e-02
1.926719141425438011e+03 5.857020818056662276e-02
1.908008441464102589e+03 4.862601580065348955e-02
1.874753862902242872e+03 4.037017258596554276e-02
1.852741426745111539e+03 3.351602650938841077e-02
1.841471411346762807e+03 2.782559402207123583e-02
1.822058558796287116e+03 2.310129700083158460e-02
1.802609483932275225e+03 1.917910261672486905e-02
1.773848148503773700e+03 1.592282793341090810e-02
1.748603913001581986e+03 1.321941148466028795e-02
1.726449345059305188e+03 1.097498765493055625e-02
1.689884249778055391e+03 9.111627561154888796e-03
1.671979797495062257e+03 7.564633275546276195e-03
1.661073231749485785e+03 6.280291441834247486e-03
1.656099362524740627e+03 5.214008287999684008e-03
1.646392970823442965e+03 4.328761281083053081e-03
1.627996819000931055e+03 3.593813663804625805e-03
1.604459797434469465e+03 2.983647240283334324e-03
1.596150360873994032e+03 2.477076355991709132e-03
1.593274409595634097e+03 2.056512308348651657e-03
1.590046532669117596e+03 1.707352647470688914e-03
1.581964601033663939e+03 1.417474162926804808e-03
1.577943729010202560e+03 1.176811952434996802e-03
1.569707000923988062e+03 9.770099572992247371e-04
1.566867502655868293e+03 8.111308307896856031e-04
1.565322731545744318e+03 6.734150657750814697e-04
1.562462946088950048e+03 5.590810182512222660e-04
1.560632793992510642e+03 4.641588833612773522e-04
1.557968729143030941e+03 3.853528593710527734e-04
1.553725500173936553e+03 3.199267137797377888e-04
1.549781884797567045e+03 2.656087782946684275e-04
1.546824443361630756e+03 2.205130739903041258e-04
1.543987926693887630e+03 1.830738280295366339e-04
1.540364301271961267e+03 1.519911082952933351e-04
1.538395818543937139e+03 1.261856883066018585e-04
1.536841478855124024e+03 1.047615752789664132e-04
1.535839838208279389e+03 8.697490026177818155e-05
1.534483844355184829e+03 7.220809018385457615e-05
1.533162127449930722e+03 5.994842503189408905e-05
1.531899153518243111e+03 4.977023564332103795e-05
1.530694922560122677e+03 4.132012400115334376e-05
1.528344723736741344e+03 3.430469286314912652e-05
1.525351564301520284e+03 2.848035868435799396e-05
1.523959759386504174e+03 2.364489412645402454e-05
1.522647486180917440e+03 1.963040650040268496e-05
1.521414744684760080e+03 1.629750834620643783e-05
1.520261534898032323e+03 1.353047774579805024e-05
1.519274844106970249e+03 1.123324032978026594e-05
1.518193710452865389e+03 9.326033468832181083e-06
1.516278863939462781e+03 7.742636826811263341e-06
1.514631242205755370e+03 6.428073117284306733e-06
1.513140462174704226e+03 5.336699231206302861e-06
1.512270942680821918e+03 4.430621457583878230e-06
1.511638548001072422e+03 3.678379771828626713e-06
1.511124307661563989e+03 3.053855508833412725e-06
1.510953067883791846e+03 2.535364493970106576e-06
1.510811212166563337e+03 2.104904144512017605e-06
1.510697383149971529e+03 1.747528400007683116e-06
1.510609489415414146e+03 1.450828778495937304e-06
1.510544638802527970e+03 1.204503540258781267e-06
1.510499241570599906e+03 1.000000000000000167e-06
