1.121699999999999697e+00 9.299999999999999239e-03 1.468140879134598696e-02 3.386039999999999856e-05
1.140200000000000102e+00 9.299999999999999239e-03 1.469075011621077953e-02 3.150680000000000131e-05
1.158800000000000052e+00 9.299999999999999239e-03 1.467626336993381984e-02 2.904480000000000015e-05
1.177400000000000002e+00 9.299999999999999239e-03 1.466883758783209604e-02 2.661780000000000119e-05
1.195899999999999741e+00 9.299999999999999239e-03 1.465058186714923195e-02 2.661120000000000027e-05
1.214499999999999691e+00 9.299999999999999239e-03 1.463368561790741838e-02 2.661339999999999832e-05
1.233000000000000096e+00 9.299999999999999239e-03 1.461949808334417518e-02 2.658479999999999998e-05
1.251600000000000046e+00 9.299999999999999239e-03 1.461150224670782448e-02 2.656500000000000061e-05
1.270199999999999996e+00 9.299999999999999239e-03 1.460887933079803302e-02 3.382679999999999943e-05
1.288699999999999735e+00 9.299999999999999239e-03 1.461894990687771616e-02 3.625499999999999762e-05
1.307299999999999685e+00 9.299999999999999239e-03 1.462925007089610485e-02 3.380159999999999838e-05
1.325900000000000079e+00 9.299999999999999239e-03 1.466396517987147118e-02 3.155880000000000013e-05
1.344400000000000039e+00 9.299999999999999239e-03 1.475222181964116856e-02 3.653999999999999913e-05
1.362999999999999989e+00 9.299999999999999239e-03 1.476787661263595335e-02 3.896319999999999992e-05
1.381499999999999728e+00 9.299999999999999239e-03 1.476559310797906886e-02 3.163159999999999713e-05
1.400099999999999678e+00 9.299999999999999239e-03 1.478628552354326053e-02 3.405640000000000143e-05
1.418700000000000072e+00 9.299999999999999239e-03 1.478856996971434322e-02 3.154839999999999766e-05
1.437200000000000033e+00 9.299999999999999239e-03 1.479354911390495797e-02 3.152500000000000056e-05
1.455799999999999983e+00 9.299999999999999239e-03 1.475600387804008179e-02 4.371120000000000257e-05
1.474399999999999711e+00 9.299999999999999239e-03 1.473833403839856782e-02 3.888640000000000092e-05
1.492899999999999894e+00 9.299999999999999239e-03 1.474246009905912785e-02 3.397240000000000020e-05
1.511500000000000066e+00 9.299999999999999239e-03 1.472565203900122119e-02 3.401159999999999806e-05
1.530000000000000027e+00 9.299999999999999239e-03 1.469694674530901135e-02 4.128619999999999784e-05
1.548599999999999977e+00 9.299999999999999239e-03 1.468541242499300965e-02 3.396400000000000211e-05
1.567199999999999704e+00 9.299999999999999239e-03 1.466805800700664471e-02 4.856399999999999785e-05
1.585700000000000109e+00 9.299999999999999239e-03 1.465716571309147627e-02 3.872000000000000197e-05
1.604300000000000059e+00 9.299999999999999239e-03 1.465114551643082602e-02 4.118759999999999847e-05
1.622900000000000009e+00 9.299999999999999239e-03 1.465195322278556658e-02 5.323119999999999951e-05
1.639100000000000001e+00 9.299999999999999239e-03 1.465574843381031375e-02 4.349879999999999762e-05
