5.900000000000000799e-01 1.571654365216338875e-02
6.235095244242215839e-01 1.570576715472566526e-02
6.589222492334219083e-01 1.570253970155665799e-02
6.963462682238460433e-01 1.572374210208619255e-02
7.358958144658163114e-01 1.577666003595473709e-02
7.776916089887407901e-01 1.587251596160867487e-02
8.218612292699613020e-01 1.576239838181408073e-02
8.685394986522370075e-01 1.573185735881404285e-02
9.178688978784881325e-01 1.584509052978933311e-02
9.700000000000000844e-01 1.596858900772260212e-02
