5.900000000000000799e-01 1.571582780378804126e-02
6.235095244242215839e-01 1.570500705098398786e-02
6.589222492334219083e-01 1.570266927033916321e-02
6.963462682238460433e-01 1.572584916978449904e-02
7.358958144658163114e-01 1.578465475663356002e-02
7.776916089887407901e-01 1.589150665006514376e-02
8.218612292699613020e-01 1.576477351099289312e-02
8.685394986522370075e-01 1.573258575086536326e-02
9.178688978784881325e-01 1.584571998726814687e-02
9.700000000000000844e-01 1.596886496745741207e-02
