1.130000000000001226e+00 1.605235572288766371e-02
1.149415766041918419e+00 1.611466435887166579e-02
1.169165135597989291e+00 1.611276078118678221e-02
1.189253840675102314e+00 1.604998871630239007e-02
1.209687711768022034e+00 1.597976265342277921e-02
1.230472679551623649e+00 1.595330344457492749e-02
1.251614776602194778e+00 1.585364208867578659e-02
1.273120139148311569e+00 1.586419221058314385e-02
1.294995008851812957e+00 1.588196211369204483e-02
1.317245734619350461e+00 1.598471508145555067e-02
1.339878774445087073e+00 1.620187818956776368e-02
1.362900697285048812e+00 1.654130366317811685e-02
1.386318184963678979e+00 1.655783143936299592e-02
1.410138034113157079e+00 1.660066745224817591e-02
1.434367158146032883e+00 1.658176013327671353e-02
1.459012589261761583e+00 1.654524518145439674e-02
1.484081480487706495e+00 1.651437399925952468e-02
1.509581107755221252e+00 1.640275128573473462e-02
1.535518872011392366e+00 1.634931215074442515e-02
1.561902301367072532e+00 1.625865607149914668e-02
1.588739053281829294e+00 1.614385525522494397e-02
1.616036916786410815e+00 1.603547313214159428e-02
1.643803814743425074e+00 1.596270666109400951e-02
1.672047806146849114e+00 1.592344882752743176e-02
1.700777088461051134e+00 1.596859494908862281e-02
1.729999999999999982e+00 1.612105466687490177e-02
