3.300000000000001266e-01 1.582334253207324376e-02
3.485606560277109134e-01 1.580117722982719158e-02
3.681652452438438639e-01 1.578318855349332070e-02
3.888724830569613711e-01 1.577065224759748724e-02
4.107443872892715397e-01 1.576013568477841950e-02
4.338464639189354433e-01 1.575151913360775882e-02
4.582479032693546062e-01 1.574356341887949221e-02
4.840217872329977689e-01 1.573560100469805975e-02
5.112453081504213515e-01 1.572826509449783139e-02
5.400000000000000355e-01 1.572089425797254178e-02
