1.130000000000001226e+00 1.605395371987303546e-02
1.149415766041918419e+00 1.611572181963659076e-02
1.169165135597989291e+00 1.611352261760045854e-02
1.189253840675102314e+00 1.605042905570587194e-02
1.209687711768022034e+00 1.598011905750238576e-02
1.230472679551623649e+00 1.595368347394073363e-02
1.251614776602194778e+00 1.585535279596457514e-02
1.273120139148311569e+00 1.586588186298946296e-02
1.294995008851812957e+00 1.588398285160457640e-02
1.317245734619350461e+00 1.598604817358288341e-02
1.339878774445087073e+00 1.620278271646666615e-02
1.362900697285048812e+00 1.654118148853421164e-02
1.386318184963678979e+00 1.655736287053475794e-02
1.410138034113157079e+00 1.660022471249264497e-02
1.434367158146032883e+00 1.658108205478987796e-02
1.459012589261761583e+00 1.654434799744924564e-02
1.484081480487706495e+00 1.651339520869085295e-02
1.509581107755221252e+00 1.640181389715434507e-02
1.535518872011392366e+00 1.634778644210429371e-02
1.561902301367072532e+00 1.625718058330979238e-02
1.588739053281829294e+00 1.614271939047018031e-02
1.616036916786410815e+00 1.603484331000994481e-02
1.643803814743425074e+00 1.596274011234880344e-02
1.672047806146849114e+00 1.592421523825576779e-02
1.700777088461051134e+00 1.596948464504819101e-02
1.729999999999999982e+00 1.612122298128698325e-02
