3.300000000000001266e-01 1.582705116498637696e-02
3.485606560277109134e-01 1.580666583060505795e-02
3.681652452438438639e-01 1.578688636138857876e-02
3.888724830569613711e-01 1.577223133247611722e-02
4.107443872892715397e-01 1.576258827711515126e-02
4.338464639189354433e-01 1.575394964126082542e-02
4.582479032693546062e-01 1.574606586224999369e-02
4.840217872329977689e-01 1.573868707652795185e-02
5.112453081504213515e-01 1.573057721768000503e-02
5.400000000000000355e-01 1.572230809951889047e-02
