3.300000000000001266e-01 1.582606350779978271e-02
3.485606560277109134e-01 1.580530977623530176e-02
3.681652452438438639e-01 1.578476010433728718e-02
3.888724830569613711e-01 1.577004154839931754e-02
4.107443872892715397e-01 1.575989969302382665e-02
4.338464639189354433e-01 1.575065318556628097e-02
4.582479032693546062e-01 1.574223878079737335e-02
4.840217872329977689e-01 1.573489881448903241e-02
5.112453081504213515e-01 1.572732619893306080e-02
5.400000000000000355e-01 1.571945451919950359e-02
