5.900000000000000799e-01 1.571280797897882386e-02
6.235095244242215839e-01 1.570233126757940995e-02
6.589222492334219083e-01 1.569892811719725972e-02
6.963462682238460433e-01 1.572261439901093127e-02
7.358958144658163114e-01 1.578398055394580890e-02
7.776916089887407901e-01 1.589075115048503226e-02
8.218612292699613020e-01 1.576247069871440989e-02
8.685394986522370075e-01 1.572903494341838446e-02
9.178688978784881325e-01 1.584270514456902548e-02
9.700000000000000844e-01 1.596700246664569528e-02
