1.130000000000001226e+00 1.605357539121469307e-02
1.149415766041918419e+00 1.611556586840293473e-02
1.169165135597989291e+00 1.611338706664936296e-02
1.189253840675102314e+00 1.605057232168668677e-02
1.209687711768022034e+00 1.598034381995675976e-02
1.230472679551623649e+00 1.595384448641835179e-02
1.251614776602194778e+00 1.585532973654772693e-02
1.273120139148311569e+00 1.586574479843912144e-02
1.294995008851812957e+00 1.588356206129107676e-02
1.317245734619350461e+00 1.598586744326558132e-02
1.339878774445087073e+00 1.620245974983280587e-02
1.362900697285048812e+00 1.654089020848552999e-02
1.386318184963678979e+00 1.655734841495472981e-02
1.410138034113157079e+00 1.660001595425295018e-02
1.434367158146032883e+00 1.658090635894887005e-02
1.459012589261761583e+00 1.654439116730635484e-02
1.484081480487706495e+00 1.651323321680010434e-02
1.509581107755221252e+00 1.640170628103454833e-02
1.535518872011392366e+00 1.634801982798144565e-02
1.561902301367072532e+00 1.625739707775485446e-02
1.588739053281829294e+00 1.614271723666791183e-02
1.616036916786410815e+00 1.603479094742529462e-02
1.643803814743425074e+00 1.596254272560355958e-02
1.672047806146849114e+00 1.592381605744875098e-02
1.700777088461051134e+00 1.596888895317008505e-02
1.729999999999999982e+00 1.612076974891003822e-02
