1.545662986295880955e+03 1.000000000000000142e+02
1.545662986295880955e+03 8.302175681319752698e+01
1.545662986295880955e+03 6.892612104349696267e+01
1.545662986295880955e+03 5.722367659350220492e+01
1.545662986295880955e+03 4.750810162102794010e+01
1.545662986295880955e+03 3.944206059437656364e+01
1.545662986295880955e+03 3.274549162877731590e+01
1.545662986295880955e+03 2.718588242732940330e+01
1.545662986295880955e+03 2.257019719633921540e+01
1.545662986295880955e+03 1.873817422860383175e+01
1.543909049686864819e+03 1.555676143930472399e+01
1.540782172368514694e+03 1.291549665014882997e+01
1.539263570834789562e+03 1.072267222010323096e+01
1.537920897698607860e+03 8.902150854450393780e+00
1.536529970212300896e+03 7.390722033525776169e+00
1.532051503248308109e+03 6.135907273413176100e+00
1.530631382757070924e+03 5.094138014816375737e+00
1.518470381450131299e+03 4.229242874389499640e+00
1.513100830088875227e+03 3.511191734215127980e+00
1.513033006880641778e+03 2.915053062825175623e+00
1.513033006880641778e+03 2.420128264794383810e+00
1.512161188929116861e+03 2.009233002565046000e+00
1.503040193537550067e+03 1.668100537200059241e+00
1.497722634171288973e+03 1.384886371393871718e+00
1.493806252626465493e+03 1.149756995397735793e+00
1.492501931433642312e+03 9.545484566618328559e-01
1.486819307197462194e+03 7.924828983539170535e-01
1.483964007710415672e+03 6.579332246575683163e-01
1.481655453370648274e+03 5.462277217684337050e-01
1.478988402501344353e+03 4.534878508128582508e-01
1.471504926481623215e+03 3.764935806792471529e-01
1.467370181368989734e+03 3.125715849688235348e-01
1.463176680374413763e+03 2.595024211399732383e-01
1.460704508763944887e+03 2.154434690031882260e-01
1.454717460942120397e+03 1.788649529057435295e-01
1.449109834520401364e+03 1.484968262254463545e-01
1.443748498745919051e+03 1.232846739442065992e-01
1.436138486647869286e+03 1.023531021899027060e-01
1.434256092071937474e+03 8.497534359086438005e-02
1.429539787591734466e+03 7.054802310718638614e-02
1.423898791212339574e+03 5.857020818056662276e-02
1.416624219320704242e+03 4.862601580065348955e-02
1.404806257701210598e+03 4.037017258596554276e-02
1.397307380933146078e+03 3.351602650938841077e-02
1.392584785028218221e+03 2.782559402207123583e-02
1.387850480793127190e+03 2.310129700083158460e-02
1.382995948031258877e+03 1.917910261672486905e-02
1.377821818856014033e+03 1.592282793341090810e-02
1.369289208752961940e+03 1.321941148466028795e-02
1.365411738436201404e+03 1.097498765493055625e-02
1.362470823527091852e+03 9.111627561154888796e-03
1.358848114898153199e+03 7.564633275546276195e-03
1.349837064944101257e+03 6.280291441834247486e-03
1.346144881878379010e+03 5.214008287999684008e-03
1.340607082217193920e+03 4.328761281083053081e-03
1.334423928538912833e+03 3.593813663804625805e-03
1.328502121237384472e+03 2.983647240283334324e-03
1.321712071428591116e+03 2.477076355991709132e-03
1.314795254034964273e+03 2.056512308348651657e-03
1.309518500108314356e+03 1.707352647470688914e-03
1.303221584281898686e+03 1.417474162926804808e-03
1.297362458725128363e+03 1.176811952434996802e-03
1.291564420040294635e+03 9.770099572992247371e-04
1.286100762849776629e+03 8.111308307896856031e-04
1.282900335121888929e+03 6.734150657750814697e-04
1.279687274941144324e+03 5.590810182512222660e-04
1.275929020474791287e+03 4.641588833612773522e-04
1.273039377173685125e+03 3.853528593710527734e-04
1.270545805358142388e+03 3.199267137797377888e-04
1.266675736325381877e+03 2.656087782946684275e-04
1.261156852441123192e+03 2.205130739903041258e-04
1.256665529873082278e+03 1.830738280295366339e-04
1.252080548630621706e+03 1.519911082952933351e-04
1.246890530399851968e+03 1.261856883066018585e-04
1.244655687920522723e+03 1.047615752789664132e-04
1.241684038156847009e+03 8.697490026177818155e-05
1.236528562486550300e+03 7.220809018385457615e-05
1.233325294302161183e+03 5.994842503189408905e-05
1.230382711524164506e+03 4.977023564332103795e-05
1.227687303894357456e+03 4.132012400115334376e-05
1.225304485440085500e+03 3.430469286314912652e-05
1.222733488906129651e+03 2.848035868435799396e-05
1.219409971271628820e+03 2.364489412645402454e-05
1.213986503500622575e+03 1.963040650040268496e-05
1.212801321085444442e+03 1.629750834620643783e-05
1.209806776469829856e+03 1.353047774579805024e-05
1.206919722155073259e+03 1.123324032978026594e-05
1.202497177515538397e+03 9.326033468832181083e-06
1.199542127423250349e+03 7.742636826811263341e-06
1.197790253064504213e+03 6.428073117284306733e-06
1.195275917865511246e+03 5.336699231206302861e-06
1.193777767102148118e+03 4.430621457583878230e-06
1.192975265422757502e+03 3.678379771828626713e-06
1.192278567947948204e+03 3.053855508833412725e-06
1.191686245345776115e+03 2.535364493970106576e-06
1.191187860865336688e+03 2.104904144512017605e-06
1.190427287020658241e+03 1.747528400007683116e-06
1.189840005520589330e+03 1.450828778495937304e-06
1.189406691753597215e+03 1.204503540258781267e-06
1.189202504581423455e+03 1.000000000000000167e-06
