5.511000000000000343e-01 1.480677220230893279e-02
5.531000000000000361e-01 1.480899616456085588e-02
5.554999999999999938e-01 1.481172485277981732e-02
5.598999999999999533e-01 1.481760511217120567e-02
5.608999999999998431e-01 1.481910943809413954e-02
5.643000000000000238e-01 1.482451399991287742e-02
5.684999999999998943e-01 1.482906281464844989e-02
5.686999999999999833e-01 1.482953735606695918e-02
5.765000000000000124e-01 1.484695567787063311e-02
5.843000000000000416e-01 1.488745807631545147e-02
5.920999999999999597e-01 1.492853495151518807e-02
5.998999999999999888e-01 1.484421580627898370e-02
6.077000000000000179e-01 1.482495652509161800e-02
6.154999999999999361e-01 1.481023506470106194e-02
6.232999999999999652e-01 1.479919326259472763e-02
6.310999999999999943e-01 1.478951885370126396e-02
6.389000000000000234e-01 1.478028674602231869e-02
6.466999999999999416e-01 1.477233937081005692e-02
6.544999999999999707e-01 1.476539208515884397e-02
6.622999999999999998e-01 1.475775102141430734e-02
6.701999999999999069e-01 1.475228151349667650e-02
6.780000000000000471e-01 1.474681638360313997e-02
6.857999999999999652e-01 1.474374962255547462e-02
6.935999999999998833e-01 1.474396147679028768e-02
7.013999999999999124e-01 1.474166806927004400e-02
7.092000000000000526e-01 1.473944791371810045e-02
7.169999999999999707e-01 1.474048706846939338e-02
7.247999999999998888e-01 1.474025869773292093e-02
7.327000000000000179e-01 1.474223401618050995e-02
7.405000000000000471e-01 1.474632036023808442e-02
7.482999999999998542e-01 1.475599044016833589e-02
7.560999999999999943e-01 1.476730507014312882e-02
7.639000000000000234e-01 1.483699443752190504e-02
7.717000000000000526e-01 1.483184189134026040e-02
7.795999999999999597e-01 1.475961385265613102e-02
7.873999999999999888e-01 1.474413728510672213e-02
7.952000000000000179e-01 1.473370813693167074e-02
8.029999999999999361e-01 1.472503272576530450e-02
8.107999999999999652e-01 1.471983875349711091e-02
8.185999999999999943e-01 1.471235952654977031e-02
8.263999999999999124e-01 1.470586142072039144e-02
8.343000000000000416e-01 1.470044272351494694e-02
8.538000000000000034e-01 1.468927893733738485e-02
8.850999999999999979e-01 1.467535564590889165e-02
9.162999999999998924e-01 1.467080131151661873e-02
9.474999999999998979e-01 1.467620992701557277e-02
