1.121699999999999697e+00 1.467294027953913553e-02
1.140200000000000102e+00 1.466746329213891066e-02
1.158800000000000052e+00 1.466069441294559801e-02
1.177400000000000002e+00 1.466092246683827968e-02
1.195899999999999741e+00 1.464150822783260794e-02
1.214499999999999691e+00 1.462429627472378035e-02
1.233000000000000096e+00 1.461189278487472730e-02
1.251600000000000046e+00 1.459393939832288531e-02
1.270199999999999996e+00 1.459202175403237142e-02
1.288699999999999735e+00 1.458079975852289573e-02
1.307299999999999685e+00 1.460111322185709062e-02
1.325900000000000079e+00 1.465664414634900922e-02
1.344400000000000039e+00 1.475500231492815617e-02
1.362999999999999989e+00 1.477215275692246588e-02
1.381499999999999728e+00 1.472594547580542527e-02
1.400099999999999678e+00 1.477050270079523046e-02
1.418700000000000072e+00 1.480224793839397639e-02
1.437200000000000033e+00 1.479285660378343130e-02
1.455799999999999983e+00 1.475661774205136272e-02
1.474399999999999711e+00 1.476295410942842119e-02
1.492899999999999894e+00 1.474317507066606053e-02
1.511500000000000066e+00 1.471462323051358698e-02
1.530000000000000027e+00 1.472044009706374723e-02
1.548599999999999977e+00 1.469221461023263037e-02
1.567199999999999704e+00 1.469063372432313601e-02
1.585700000000000109e+00 1.468485275035981939e-02
1.604300000000000059e+00 1.465511371231505676e-02
1.622900000000000009e+00 1.464572294399296183e-02
1.639100000000000001e+00 1.463430003973469236e-02
