1.057415482359312591e+03 1.000000000000000142e+02
1.057415482359312591e+03 8.302175681319752698e+01
1.057415482359312591e+03 6.892612104349696267e+01
1.057415482359312591e+03 5.722367659350220492e+01
1.057415482359312591e+03 4.750810162102794010e+01
1.057415482359312591e+03 3.944206059437656364e+01
1.057415482359312591e+03 3.274549162877731590e+01
1.057415482359312591e+03 2.718588242732940330e+01
1.057415482359312591e+03 2.257019719633921540e+01
1.056875892759247108e+03 1.873817422860383175e+01
1.054693653634865996e+03 1.555676143930472399e+01
1.052456985087717840e+03 1.291549665014882997e+01
1.051358685476794562e+03 1.072267222010323096e+01
1.051358541956392628e+03 8.902150854450393780e+00
1.051357841456807819e+03 7.390722033525776169e+00
1.051355340018682227e+03 6.135907273413176100e+00
1.051347618635032177e+03 5.094138014816375737e+00
1.046289660595509531e+03 4.229242874389499640e+00
1.040651152823751772e+03 3.511191734215127980e+00
1.035047361182488885e+03 2.915053062825175623e+00
1.032295676177946007e+03 2.420128264794383810e+00
1.029811035646394657e+03 2.009233002565046000e+00
1.027048494053749437e+03 1.668100537200059241e+00
1.023239532516069630e+03 1.384886371393871718e+00
1.019527008398697831e+03 1.149756995397735793e+00
1.015868392895280977e+03 9.545484566618328559e-01
1.012262978399766553e+03 7.924828983539170535e-01
1.008708989451411867e+03 6.579332246575683163e-01
1.005202474633594306e+03 5.462277217684337050e-01
1.001735658887608906e+03 4.534878508128582508e-01
9.982950816549544015e+02 3.764935806792471529e-01
9.948603941433555065e+02 3.125715849688235348e-01
9.890540184767934306e+02 2.595024211399732383e-01
9.849728885622828329e+02 2.154434690031882260e-01
9.834183368217103407e+02 1.788649529057435295e-01
9.819022847371750231e+02 1.484968262254463545e-01
9.804256504938045964e+02 1.232846739442065992e-01
9.789880724019394620e+02 1.023531021899027060e-01
9.775880437780036800e+02 8.497534359086438005e-02
9.762227300447541438e+02 7.054802310718638614e-02
9.746527181801131974e+02 5.857020818056662276e-02
9.724951885523144028e+02 4.862601580065348955e-02
9.703539699345594727e+02 4.037017258596554276e-02
9.682315015033755117e+02 3.351602650938841077e-02
9.661276797740213169e+02 2.782559402207123583e-02
9.640425981681125904e+02 2.310129700083158460e-02
9.607604278702459624e+02 1.917910261672486905e-02
9.563765008555764098e+02 1.592282793341090810e-02
9.449333522115448432e+02 1.321941148466028795e-02
9.299156365769574677e+02 1.097498765493055625e-02
9.234509480099844723e+02 9.111627561154888796e-03
9.157074375333527314e+02 7.564633275546276195e-03
9.141445223229729891e+02 6.280291441834247486e-03
9.125714582991618045e+02 5.214008287999684008e-03
9.096927358206733061e+02 4.328761281083053081e-03
9.059639627912517881e+02 3.593813663804625805e-03
9.023306348915897388e+02 2.983647240283334324e-03
8.987927521216872719e+02 2.477076355991709132e-03
8.953503499407507888e+02 2.056512308348651657e-03
8.920035248994751100e+02 1.707352647470688914e-03
8.888524294098548353e+02 1.417474162926804808e-03
8.865692372425065741e+02 1.176811952434996802e-03
8.843735315196022384e+02 9.770099572992247371e-04
8.822469986423946011e+02 8.111308307896856031e-04
8.801823172562978925e+02 6.734150657750814697e-04
8.781768844990174330e+02 5.590810182512222660e-04
8.762298164081826144e+02 4.641588833612773522e-04
8.743408697528949460e+02 3.853528593710527734e-04
8.725100445331546553e+02 3.199267137797377888e-04
8.706924835308965385e+02 2.656087782946684275e-04
8.679422888865592540e+02 2.205130739903041258e-04
8.656357759689122986e+02 1.830738280295366339e-04
8.643349535013285276e+02 1.519911082952933351e-04
8.630830226055282992e+02 1.261856883066018585e-04
8.618791441440803283e+02 1.047615752789664132e-04
8.607219565713571683e+02 8.697490026177818155e-05
8.596095490815511084e+02 7.220809018385457615e-05
8.585396453179093896e+02 5.994842503189408905e-05
8.573984712908541042e+02 4.977023564332103795e-05
8.545316645331613472e+02 4.132012400115334376e-05
8.513632712323330907e+02 3.430469286314912652e-05
8.486014671482066660e+02 2.848035868435799396e-05
8.462161778453718171e+02 2.364489412645402454e-05
8.439713539190968277e+02 1.963040650040268496e-05
8.417536236365466493e+02 1.629750834620643783e-05
8.405515398972738694e+02 1.353047774579805024e-05
8.385956665621819184e+02 1.123324032978026594e-05
8.368376940536666098e+02 9.326033468832181083e-06
8.352767097656011401e+02 7.742636826811263341e-06
8.339107617260715415e+02 6.428073117284306733e-06
8.330182649664964174e+02 5.336699231206302861e-06
8.325617150425071031e+02 4.430621457583878230e-06
8.321586438967752883e+02 3.678379771828626713e-06
8.318087148478874724e+02 3.053855508833412725e-06
8.315112099877337641e+02 2.535364493970106576e-06
8.312647557709317425e+02 2.104904144512017605e-06
8.310770586447931692e+02 1.747528400007683116e-06
8.309372667118855134e+02 1.450828778495937304e-06
8.308341240638774252e+02 1.204503540258781267e-06
8.307619213428097282e+02 1.000000000000000167e-06
