2.225711455879007644e+03 1.000000000000000142e+02
2.225703594959983548e+03 8.302175681319752698e+01
2.225681694344004427e+03 6.892612104349696267e+01
2.225626489684175795e+03 5.722367659350220492e+01
2.225499822127889274e+03 4.750810162102794010e+01
2.223837052617472636e+03 3.944206059437656364e+01
2.214185869813621139e+03 3.274549162877731590e+01
2.202854959108610274e+03 2.718588242732940330e+01
2.202854959108610274e+03 2.257019719633921540e+01
2.197308582167781879e+03 1.873817422860383175e+01
2.189487948195041554e+03 1.555676143930472399e+01
2.172328623422044529e+03 1.291549665014882997e+01
2.148063937937697119e+03 1.072267222010323096e+01
2.125303361476714599e+03 8.902150854450393780e+00
2.105089373780927417e+03 7.390722033525776169e+00
2.087601034994781912e+03 6.135907273413176100e+00
2.084522721213318619e+03 5.094138014816375737e+00
2.064008637488548629e+03 4.229242874389499640e+00
2.048666216898247512e+03 3.511191734215127980e+00
2.034812262302806403e+03 2.915053062825175623e+00
2.024675041678385469e+03 2.420128264794383810e+00
2.016793912543160786e+03 2.009233002565046000e+00
1.991985094695371572e+03 1.668100537200059241e+00
1.959351644119971752e+03 1.384886371393871718e+00
1.942133783777609324e+03 1.149756995397735793e+00
1.921118016296388532e+03 9.545484566618328559e-01
1.919356845923001174e+03 7.924828983539170535e-01
1.908119178546324520e+03 6.579332246575683163e-01
1.891097407609065385e+03 5.462277217684337050e-01
1.876616078600738319e+03 4.534878508128582508e-01
1.850140045244782186e+03 3.764935806792471529e-01
1.830309651649837633e+03 3.125715849688235348e-01
1.808827647652956784e+03 2.595024211399732383e-01
1.793314215683463772e+03 2.154434690031882260e-01
1.769466067773596478e+03 1.788649529057435295e-01
1.748283898978206480e+03 1.484968262254463545e-01
1.728526611137272312e+03 1.232846739442065992e-01
1.708244328251658544e+03 1.023531021899027060e-01
1.691175274322454470e+03 8.497534359086438005e-02
1.668181429726964780e+03 7.054802310718638614e-02
1.646352832035995789e+03 5.857020818056662276e-02
1.629697644170334343e+03 4.862601580065348955e-02
1.607422842852786744e+03 4.037017258596554276e-02
1.602073082494792288e+03 3.351602650938841077e-02
1.596689184202225533e+03 2.782559402207123583e-02
1.584428889606056828e+03 2.310129700083158460e-02
1.576115850939424263e+03 1.917910261672486905e-02
1.567539182839234854e+03 1.592282793341090810e-02
1.565434221013872047e+03 1.321941148466028795e-02
1.561997295779834303e+03 1.097498765493055625e-02
1.555020486657872652e+03 9.111627561154888796e-03
1.545845333933877782e+03 7.564633275546276195e-03
1.539397249804589137e+03 6.280291441834247486e-03
1.532690638423231803e+03 5.214008287999684008e-03
1.529637182735392571e+03 4.328761281083053081e-03
1.525068893248666882e+03 3.593813663804625805e-03
1.522004937665898751e+03 2.983647240283334324e-03
1.519990048767033613e+03 2.477076355991709132e-03
1.514217353090404913e+03 2.056512308348651657e-03
1.507871393531808963e+03 1.707352647470688914e-03
1.503310938008046605e+03 1.417474162926804808e-03
1.499764340552059593e+03 1.176811952434996802e-03
1.493335128746825376e+03 9.770099572992247371e-04
1.487889627059901613e+03 8.111308307896856031e-04
1.483717725908954662e+03 6.734150657750814697e-04
1.477048178058088297e+03 5.590810182512222660e-04
1.471205383962693986e+03 4.641588833612773522e-04
1.466255326390336222e+03 3.853528593710527734e-04
1.458034340877049317e+03 3.199267137797377888e-04
1.453598669255845607e+03 2.656087782946684275e-04
1.448946398426951419e+03 2.205130739903041258e-04
1.446113404802382092e+03 1.830738280295366339e-04
1.443454898217644313e+03 1.519911082952933351e-04
1.442511571327654337e+03 1.261856883066018585e-04
1.437726290705347765e+03 1.047615752789664132e-04
1.433218134717712701e+03 8.697490026177818155e-05
1.432260891894728729e+03 7.220809018385457615e-05
1.429898826011939491e+03 5.994842503189408905e-05
1.422930711588343001e+03 4.977023564332103795e-05
1.419813139547733499e+03 4.132012400115334376e-05
1.419138680880619631e+03 3.430469286314912652e-05
1.418524381410738442e+03 2.848035868435799396e-05
1.418038312955918627e+03 2.364489412645402454e-05
1.416171108045748269e+03 1.963040650040268496e-05
1.414275775237282232e+03 1.629750834620643783e-05
1.412502721964846160e+03 1.353047774579805024e-05
1.410969707372504217e+03 1.123324032978026594e-05
1.409301115892258849e+03 9.326033468832181083e-06
1.407766008752908874e+03 7.742636826811263341e-06
1.403075750010482352e+03 6.428073117284306733e-06
1.402811859849128041e+03 5.336699231206302861e-06
1.402575705336656256e+03 4.430621457583878230e-06
1.402238431606537688e+03 3.678379771828626713e-06
1.401477355368606368e+03 3.053855508833412725e-06
1.400419018914943763e+03 2.535364493970106576e-06
1.399478437158414408e+03 2.104904144512017605e-06
1.398723687907120620e+03 1.747528400007683116e-06
1.398140903900574585e+03 1.450828778495937304e-06
1.397710908518140059e+03 1.204503540258781267e-06
1.397409899796161881e+03 1.000000000000000167e-06
