3.071999999999999176e-01 1.504071872063419101e-02
3.246999999999999886e-01 1.501763491583683018e-02
3.378999999999999782e-01 1.499644749358888113e-02
3.467000000000000082e-01 1.498212819293405322e-02
3.554999999999999827e-01 1.496698710257118349e-02
3.643000000000000127e-01 1.495136575269650006e-02
3.730999999999999872e-01 1.493573962946457764e-02
3.796999999999999265e-01 1.492362043390375002e-02
3.840999999999999970e-01 1.491563673249837914e-02
3.885000000000000120e-01 1.490795669628986950e-02
3.929000000000000270e-01 1.490015108403635290e-02
3.972999999999999865e-01 1.489258343456402976e-02
4.017000000000000015e-01 1.488483325907252915e-02
4.061000000000000165e-01 1.487731266671924596e-02
4.104999999999999760e-01 1.486985034476405280e-02
4.148999999999999910e-01 1.486234409488572210e-02
4.193000000000000060e-01 1.485508694483491342e-02
4.237000000000000210e-01 1.484767101076740412e-02
4.280999999999999805e-01 1.484054914410930064e-02
4.324999999999999956e-01 1.483327941682263153e-02
4.369000000000000106e-01 1.482613563475168247e-02
4.413000000000000256e-01 1.481919901285478486e-02
4.456999999999999851e-01 1.481229769883247484e-02
4.501000000000000001e-01 1.480519930439957478e-02
4.545000000000000151e-01 1.479829050215011182e-02
4.588999999999999746e-01 1.479205409357759252e-02
4.632999999999999896e-01 1.478562748666453763e-02
4.677000000000000046e-01 1.477888107302063707e-02
4.721000000000000196e-01 1.477182881035085313e-02
4.764999999999999791e-01 1.476501716341580180e-02
4.809000000000000496e-01 1.475827578261095993e-02
4.853000000000000647e-01 1.475183465808902611e-02
4.897000000000000242e-01 1.474535212071988177e-02
4.940999999999999837e-01 1.473919474908849669e-02
4.984999999999999432e-01 1.473566468394137477e-02
5.029000000000000137e-01 1.473704065735368003e-02
5.071999999999999842e-01 1.474638742763968030e-02
5.116000000000000547e-01 1.476038349490663669e-02
5.160000000000000142e-01 1.477358678114377988e-02
5.203999999999999737e-01 1.477742147631089763e-02
5.248000000000000442e-01 1.478011509622879742e-02
5.291999999999998927e-01 1.478372726116226887e-02
5.335999999999999632e-01 1.478718498662765814e-02
5.379999999999999227e-01 1.479170185799636578e-02
5.423999999999999932e-01 1.479683441391336021e-02
5.453000000000000069e-01 1.479964914380412291e-02
5.466999999999999638e-01 1.480123041940713258e-02
