1.281847267615654118e+03 1.000000000000000142e+02
1.281847267615654118e+03 8.302175681319752698e+01
1.281847267615654118e+03 6.892612104349696267e+01
1.281847267615654118e+03 5.722367659350220492e+01
1.281847267615654118e+03 4.750810162102794010e+01
1.281847267615654118e+03 3.944206059437656364e+01
1.281847267615654118e+03 3.274549162877731590e+01
1.281847267615654118e+03 2.718588242732940330e+01
1.281847267615654118e+03 2.257019719633921540e+01
1.281847267615654118e+03 1.873817422860383175e+01
1.281749600743317842e+03 1.555676143930472399e+01
1.280549513424085262e+03 1.291549665014882997e+01
1.278643057173926763e+03 1.072267222010323096e+01
1.276745627528042178e+03 8.902150854450393780e+00
1.275372864828281763e+03 7.390722033525776169e+00
1.274238398688261441e+03 6.135907273413176100e+00
1.273957584761922362e+03 5.094138014816375737e+00
1.271251955017064120e+03 4.229242874389499640e+00
1.269837115520283533e+03 3.511191734215127980e+00
1.266843749626641284e+03 2.915053062825175623e+00
1.263778062565598475e+03 2.420128264794383810e+00
1.259793371232219670e+03 2.009233002565046000e+00
1.257649030472175809e+03 1.668100537200059241e+00
1.253590355843653697e+03 1.384886371393871718e+00
1.251050818088307778e+03 1.149756995397735793e+00
1.248672824361485027e+03 9.545484566618328559e-01
1.246450583445200664e+03 7.924828983539170535e-01
1.241462357836984438e+03 6.579332246575683163e-01
1.239411028206437777e+03 5.462277217684337050e-01
1.236106000780077238e+03 4.534878508128582508e-01
1.231055963883544791e+03 3.764935806792471529e-01
1.229397384941872360e+03 3.125715849688235348e-01
1.226653665405307265e+03 2.595024211399732383e-01
1.221541219436656547e+03 2.154434690031882260e-01
1.215685347136084829e+03 1.788649529057435295e-01
1.211682259811442236e+03 1.484968262254463545e-01
1.206688195954553748e+03 1.232846739442065992e-01
1.203353632794039640e+03 1.023531021899027060e-01
1.202411118094666563e+03 8.497534359086438005e-02
1.198306846766829040e+03 7.054802310718638614e-02
1.190399107211362434e+03 5.857020818056662276e-02
1.184774657065801193e+03 4.862601580065348955e-02
1.173513220531902334e+03 4.037017258596554276e-02
1.166117329112874359e+03 3.351602650938841077e-02
1.153442125807433968e+03 2.782559402207123583e-02
1.144915764501659169e+03 2.310129700083158460e-02
1.136305405097767107e+03 1.917910261672486905e-02
1.127826598153996429e+03 1.592282793341090810e-02
1.120434489659094652e+03 1.321941148466028795e-02
1.111949789365279003e+03 1.097498765493055625e-02
1.105631109177971894e+03 9.111627561154888796e-03
1.104323203539132237e+03 7.564633275546276195e-03
1.097711658185696479e+03 6.280291441834247486e-03
1.092982376768253289e+03 5.214008287999684008e-03
1.084213405413338705e+03 4.328761281083053081e-03
1.080354869699249093e+03 3.593813663804625805e-03
1.076218009753148863e+03 2.983647240283334324e-03
1.073881452640446923e+03 2.477076355991709132e-03
1.065803265514426812e+03 2.056512308348651657e-03
1.061437516368897604e+03 1.707352647470688914e-03
1.059517055450555745e+03 1.417474162926804808e-03
1.054545238787129620e+03 1.176811952434996802e-03
1.052380339146683582e+03 9.770099572992247371e-04
1.048539970903538688e+03 8.111308307896856031e-04
1.046264972737014659e+03 6.734150657750814697e-04
1.044677687111201976e+03 5.590810182512222660e-04
1.041518802830424193e+03 4.641588833612773522e-04
1.038616478014129370e+03 3.853528593710527734e-04
1.036374105517040107e+03 3.199267137797377888e-04
1.031940000237917275e+03 2.656087782946684275e-04
1.031171137529487623e+03 2.205130739903041258e-04
1.026119841896399976e+03 1.830738280295366339e-04
1.025032339306751055e+03 1.519911082952933351e-04
1.021504260426230076e+03 1.261856883066018585e-04
1.016857533274988327e+03 1.047615752789664132e-04
1.008113396857229191e+03 8.697490026177818155e-05
1.005450370569254119e+03 7.220809018385457615e-05
1.003946039896302068e+03 5.994842503189408905e-05
1.002505397453924388e+03 4.977023564332103795e-05
9.999805949711075073e+02 4.132012400115334376e-05
9.991999271178593744e+02 3.430469286314912652e-05
9.984401289768461538e+02 2.848035868435799396e-05
9.974060457786727056e+02 2.364489412645402454e-05
9.951099189053014697e+02 1.963040650040268496e-05
9.921379929398401600e+02 1.629750834620643783e-05
9.871117961952069209e+02 1.353047774579805024e-05
9.849649858827458502e+02 1.123324032978026594e-05
9.822212679119350014e+02 9.326033468832181083e-06
9.811486815074779315e+02 7.742636826811263341e-06
9.805591975975947889e+02 6.428073117284306733e-06
9.781855833625110108e+02 5.336699231206302861e-06
9.736299771017013427e+02 4.430621457583878230e-06
9.715989923501873591e+02 3.678379771828626713e-06
9.698490902612563787e+02 3.053855508833412725e-06
9.693134299422922595e+02 2.535364493970106576e-06
9.683071817399234078e+02 2.104904144512017605e-06
9.680470962260334318e+02 1.747528400007683116e-06
9.676694540524952117e+02 1.450828778495937304e-06
9.672492365326078243e+02 1.204503540258781267e-06
9.669131136650880762e+02 1.000000000000000167e-06
