5.900000000000000799e-01 1.675476221211075201e-02 1.596410055893414739e-02 9.999999999999999124e-05
6.235095244242215839e-01 1.770636240460016220e-02 1.590878804256639842e-02 9.999999999999999124e-05
6.589222492334219083e-01 1.871200949521206747e-02 1.583693794295758933e-02 9.999999999999999124e-05
6.963462682238460433e-01 1.977477312098513407e-02 1.572522233621367546e-02 9.999999999999999124e-05
7.358958144658163114e-01 2.089789726146223936e-02 1.587355717647621900e-02 9.999999999999999124e-05
7.776916089887407901e-01 2.208481014061042247e-02 1.593407112277793469e-02 9.999999999999999124e-05
8.218612292699614130e-01 2.333913469113768624e-02 1.565011522267432606e-02 9.999999999999999124e-05
8.685394986522370075e-01 2.466469961312556247e-02 1.566408107034028899e-02 9.999999999999999124e-05
9.178688978784881325e-01 2.606555106075597594e-02 1.579024032905537375e-02 9.999999999999999124e-05
9.700000000000000844e-01 2.606555106075597594e-02 1.599085357212803524e-02 9.999999999999999124e-05
