5.511000000000000343e-01 2.199999999999999699e-03 1.482119492903022535e-02 6.333600000000000482e-05
5.531000000000000361e-01 3.899999999999999387e-03 1.482355599557973191e-02 1.914279999999999975e-04
5.554999999999999938e-01 2.199999999999999699e-03 1.482636452772683605e-02 7.755519999999999905e-05
5.598999999999999533e-01 2.199999999999999699e-03 1.483202007107971808e-02 9.476219999999999880e-05
5.608999999999998431e-01 3.899999999999999387e-03 1.483331628310367335e-02 1.979799999999999984e-04
5.643000000000000238e-01 2.199999999999999699e-03 1.483747601759235688e-02 7.040620000000000363e-05
5.684999999999998943e-01 2.199999999999999699e-03 1.484347552618875063e-02 9.941679999999999994e-05
5.686999999999999833e-01 3.899999999999999387e-03 1.484406728659924679e-02 6.861679999999999668e-05
5.765000000000000124e-01 3.899999999999999387e-03 1.486093340271291662e-02 8.722079999999999677e-05
5.843000000000000416e-01 3.899999999999999387e-03 1.489739770021885658e-02 7.102099999999999646e-05
5.920999999999999597e-01 3.899999999999999387e-03 1.494313139082527504e-02 7.331399999999999636e-05
5.998999999999999888e-01 3.899999999999999387e-03 1.485708688103420765e-02 9.080539999999999630e-05
6.077000000000000179e-01 3.899999999999999387e-03 1.483742936318804134e-02 6.337240000000000332e-05
6.154999999999999361e-01 3.899999999999999387e-03 1.482248930843078731e-02 6.592859999999999758e-05
6.232999999999999652e-01 3.899999999999999387e-03 1.480991515585629477e-02 6.113500000000000336e-05
6.310999999999999943e-01 3.899999999999999387e-03 1.479899388728139926e-02 6.105000000000000671e-05
6.389000000000000234e-01 3.899999999999999387e-03 1.478941128295890341e-02 6.583140000000000129e-05
6.466999999999999416e-01 3.899999999999999387e-03 1.478098128663484292e-02 4.607879999999999664e-05
6.544999999999999707e-01 3.899999999999999387e-03 1.477337225862985007e-02 5.799359999999999986e-05
6.622999999999999998e-01 3.899999999999999387e-03 1.476596895614137699e-02 6.345559999999999601e-05
6.701999999999999069e-01 3.899999999999999387e-03 1.475903735817510158e-02 1.182959999999999936e-04
6.780000000000000471e-01 3.899999999999999387e-03 1.475303051240025622e-02 5.095859999999999691e-05
6.857999999999999652e-01 3.899999999999999387e-03 1.474677120246147347e-02 2.261569999999999965e-04
6.935999999999998833e-01 3.899999999999999387e-03 1.474040500564480910e-02 5.809439999999999727e-05
7.013999999999999124e-01 3.899999999999999387e-03 1.473493965807113650e-02 6.318519999999999942e-05
7.092000000000000526e-01 3.899999999999999387e-03 1.472965196560724506e-02 6.795599999999999785e-05
7.169999999999999707e-01 3.899999999999999387e-03 1.472660520765116908e-02 8.706240000000000181e-05
7.247999999999998888e-01 3.899999999999999387e-03 1.472088469671525499e-02 2.036159999999999966e-04
7.327000000000000179e-01 3.899999999999999387e-03 1.471621917886511630e-02 6.308120000000000177e-05
7.405000000000000471e-01 3.899999999999999387e-03 1.470998905224022400e-02 8.719200000000000138e-05
7.482999999999998542e-01 3.899999999999999387e-03 1.470450255054645168e-02 1.352740000000000062e-04
7.560999999999999943e-01 3.899999999999999387e-03 1.469959748527370838e-02 7.815680000000000359e-05
7.639000000000000234e-01 3.899999999999999387e-03 1.469503092358525644e-02 1.069989999999999966e-04
7.717000000000000526e-01 3.899999999999999387e-03 1.469106912191235799e-02 6.349720000000000592e-05
7.795999999999999597e-01 3.899999999999999387e-03 1.468676601581911031e-02 1.018249999999999949e-04
7.873999999999999888e-01 3.899999999999999387e-03 1.468336851980120775e-02 6.565320000000000357e-05
7.952000000000000179e-01 3.899999999999999387e-03 1.468110829008159070e-02 1.022360000000000017e-04
8.029999999999999361e-01 3.899999999999999387e-03 1.467717762927785337e-02 9.941679999999999994e-05
8.107999999999999652e-01 3.899999999999999387e-03 1.467723224630292957e-02 1.066300000000000006e-04
8.185999999999999943e-01 3.899999999999999387e-03 1.467169218435710604e-02 1.277299999999999985e-04
8.263999999999999124e-01 3.899999999999999387e-03 1.467131639964532573e-02 8.769599999999999520e-05
8.343000000000000416e-01 3.899999999999999387e-03 1.466584637452340682e-02 2.049859999999999920e-04
8.538000000000000034e-01 1.559999999999999755e-02 1.465457477131214964e-02 1.045670000000000036e-04
8.850999999999999979e-01 1.559999999999999755e-02 1.464204982797227481e-02 6.312279999999999812e-05
9.162999999999998924e-01 1.559999999999999755e-02 1.464558344884190309e-02 1.150850000000000001e-04
9.474999999999998979e-01 1.559999999999999755e-02 1.466417468668056688e-02 1.508960000000000000e-04
