1.121699999999999697e+00 9.299999999999999239e-03 1.467994738951053542e-02 3.386039999999999856e-05
1.140200000000000102e+00 9.299999999999999239e-03 1.469007996076170976e-02 3.150680000000000131e-05
1.158800000000000052e+00 9.299999999999999239e-03 1.467585230878583683e-02 2.904480000000000015e-05
1.177400000000000002e+00 9.299999999999999239e-03 1.466872254344459697e-02 2.661780000000000119e-05
1.195899999999999741e+00 9.299999999999999239e-03 1.465057950003299976e-02 2.661120000000000027e-05
1.214499999999999691e+00 9.299999999999999239e-03 1.463368373595756375e-02 2.661339999999999832e-05
1.233000000000000096e+00 9.299999999999999239e-03 1.461949660965885904e-02 2.658479999999999998e-05
1.251600000000000046e+00 9.299999999999999239e-03 1.461150100220141336e-02 2.656500000000000061e-05
1.270199999999999996e+00 9.299999999999999239e-03 1.460887817367960070e-02 3.382679999999999943e-05
1.288699999999999735e+00 9.299999999999999239e-03 1.461894847627748413e-02 3.625499999999999762e-05
1.307299999999999685e+00 9.299999999999999239e-03 1.462924835382447067e-02 3.380159999999999838e-05
1.325900000000000079e+00 9.299999999999999239e-03 1.466396248862434498e-02 3.155880000000000013e-05
1.344400000000000039e+00 9.299999999999999239e-03 1.475221660837660459e-02 3.653999999999999913e-05
1.362999999999999989e+00 9.299999999999999239e-03 1.476787095060653338e-02 3.896319999999999992e-05
1.381499999999999728e+00 9.299999999999999239e-03 1.476558749071799417e-02 3.163159999999999713e-05
1.400099999999999678e+00 9.299999999999999239e-03 1.478627928075800131e-02 3.405640000000000143e-05
1.418700000000000072e+00 9.299999999999999239e-03 1.478856365972677951e-02 3.154839999999999766e-05
1.437200000000000033e+00 9.299999999999999239e-03 1.479354262233711567e-02 3.152500000000000056e-05
1.455799999999999983e+00 9.299999999999999239e-03 1.475599850108218897e-02 4.371120000000000257e-05
1.474399999999999711e+00 9.299999999999999239e-03 1.473832919660437828e-02 3.888640000000000092e-05
1.492899999999999894e+00 9.299999999999999239e-03 1.474245512351091136e-02 3.397240000000000020e-05
1.511500000000000066e+00 9.299999999999999239e-03 1.472564753935728943e-02 3.401159999999999806e-05
1.530000000000000027e+00 9.299999999999999239e-03 1.469694308057945160e-02 4.128619999999999784e-05
1.548599999999999977e+00 9.299999999999999239e-03 1.468540908278890243e-02 3.396400000000000211e-05
1.567199999999999704e+00 9.299999999999999239e-03 1.466805517354547242e-02 4.856399999999999785e-05
1.585700000000000109e+00 9.299999999999999239e-03 1.465716321008695734e-02 3.872000000000000197e-05
1.604300000000000059e+00 9.299999999999999239e-03 1.465114320796143121e-02 4.118759999999999847e-05
1.622900000000000009e+00 9.299999999999999239e-03 1.465195090454373371e-02 5.323119999999999951e-05
1.639100000000000001e+00 9.299999999999999239e-03 1.465574601308087914e-02 4.349879999999999762e-05
