 F
       17950      102843           3        1000
    0.345374004663300582E+03    0.357789752011018095E+03
 T
   2
    0.200000000000000000E+01    0.300000000000000000E+01    0.179999999999999986E-01    0.981999999999999984E+00
   0
   0
 T T     0           0
    0.000000000000000000E+00   -0.999999999999999966E+90    0.000000000000000000E+00
 T F     1          18
    0.382198990585029064E-08    0.341144198320266298E+03    0.357402774532966021E+03
 T F     1         982
    0.415994776084861857E-07    0.345359342488039317E+03    0.357795467742993537E+03
