1.551068425568236080e+03 1.000000000000000142e+02
1.550281975611134612e+03 8.302175681319752698e+01
1.549929934473904041e+03 6.892612104349696267e+01
1.547812367425994353e+03 5.722367659350220492e+01
1.547812367425994353e+03 4.750810162102794010e+01
1.546928554004589614e+03 3.944206059437656364e+01
1.545863119875583152e+03 3.274549162877731590e+01
1.545846550162588528e+03 2.718588242732940330e+01
1.545799565317739962e+03 2.257019719633921540e+01
1.545679612182867231e+03 1.873817422860383175e+01
1.544256456432909999e+03 1.555676143930472399e+01
1.543779684154245842e+03 1.291549665014882997e+01
1.540256101772177317e+03 1.072267222010323096e+01
1.536280868315668158e+03 8.902150854450393780e+00
1.535879499519160163e+03 7.390722033525776169e+00
1.531540604008369201e+03 6.135907273413176100e+00
1.526988418701080946e+03 5.094138014816375737e+00
1.522469987522154952e+03 4.229242874389499640e+00
1.520083161259826511e+03 3.511191734215127980e+00
1.515552623656104970e+03 2.915053062825175623e+00
1.511480110527082616e+03 2.420128264794383810e+00
1.509509671916848674e+03 2.009233002565046000e+00
1.506668911203726566e+03 1.668100537200059241e+00
1.505251825551656339e+03 1.384886371393871718e+00
1.504993065363394180e+03 1.149756995397735793e+00
1.500043375775947197e+03 9.545484566618328559e-01
1.493867707480984791e+03 7.924828983539170535e-01
1.490119512929333041e+03 6.579332246575683163e-01
1.487388597537066289e+03 5.462277217684337050e-01
1.484710665121237298e+03 4.534878508128582508e-01
1.479893019905935489e+03 3.764935806792471529e-01
1.475020455062350948e+03 3.125715849688235348e-01
1.474871497480802645e+03 2.595024211399732383e-01
1.472464606252855447e+03 2.154434690031882260e-01
1.470231799223825874e+03 1.788649529057435295e-01
1.468583576962141251e+03 1.484968262254463545e-01
1.466282173015655644e+03 1.232846739442065992e-01
1.463383402749712332e+03 1.023531021899027060e-01
1.457123333742658133e+03 8.497534359086438005e-02
1.451527290567057889e+03 7.054802310718638614e-02
1.441470005961760080e+03 5.857020818056662276e-02
1.438436394755234687e+03 4.862601580065348955e-02
1.433402118043078872e+03 4.037017258596554276e-02
1.428688183697471914e+03 3.351602650938841077e-02
1.424129362714649233e+03 2.782559402207123583e-02
1.420583440059574514e+03 2.310129700083158460e-02
1.417517987318478845e+03 1.917910261672486905e-02
1.414339509901910333e+03 1.592282793341090810e-02
1.411039140862817703e+03 1.321941148466028795e-02
1.408280465602640334e+03 1.097498765493055625e-02
1.405280143099756287e+03 9.111627561154888796e-03
1.403127535908954314e+03 7.564633275546276195e-03
1.400088573046000647e+03 6.280291441834247486e-03
1.397635378158990079e+03 5.214008287999684008e-03
1.394284204739172765e+03 4.328761281083053081e-03
1.390923413231793802e+03 3.593813663804625805e-03
1.383833212160851645e+03 2.983647240283334324e-03
1.378785857790639511e+03 2.477076355991709132e-03
1.377076681777828298e+03 2.056512308348651657e-03
1.369047432888112780e+03 1.707352647470688914e-03
1.364456734584847027e+03 1.417474162926804808e-03
1.362559132125117458e+03 1.176811952434996802e-03
1.357843973374358711e+03 9.770099572992247371e-04
1.354299152209869590e+03 8.111308307896856031e-04
1.348859402323343829e+03 6.734150657750814697e-04
1.347169245550150663e+03 5.590810182512222660e-04
1.345057064141878527e+03 4.641588833612773522e-04
1.338898265701092669e+03 3.853528593710527734e-04
1.334700384276610521e+03 3.199267137797377888e-04
1.333307195560886839e+03 2.656087782946684275e-04
1.328036652495151884e+03 2.205130739903041258e-04
1.326236490747354082e+03 1.830738280295366339e-04
1.323918159187390529e+03 1.519911082952933351e-04
1.321365731488858046e+03 1.261856883066018585e-04
1.319008054969316618e+03 1.047615752789664132e-04
1.318347274705253312e+03 8.697490026177818155e-05
1.315963525062701137e+03 7.220809018385457615e-05
1.314029420252205455e+03 5.994842503189408905e-05
1.311597808702040766e+03 4.977023564332103795e-05
1.307799695308357514e+03 4.132012400115334376e-05
1.304825226141752864e+03 3.430469286314912652e-05
1.300384315553443230e+03 2.848035868435799396e-05
1.299660735654540076e+03 2.364489412645402454e-05
1.298129908729454428e+03 1.963040650040268496e-05
1.296850415589809245e+03 1.629750834620643783e-05
1.294471756890020970e+03 1.353047774579805024e-05
1.293058358194177799e+03 1.123324032978026594e-05
1.292133550151557984e+03 9.326033468832181083e-06
1.290766509672825123e+03 7.742636826811263341e-06
1.288101373379841789e+03 6.428073117284306733e-06
1.287607164458705938e+03 5.336699231206302861e-06
1.287426970224645402e+03 4.430621457583878230e-06
1.286832722515823889e+03 3.678379771828626713e-06
1.285033733211792651e+03 3.053855508833412725e-06
1.284775684482701308e+03 2.535364493970106576e-06
1.284099799948891132e+03 2.104904144512017605e-06
1.283495174320499018e+03 1.747528400007683116e-06
1.283028309139022667e+03 1.450828778495937304e-06
1.282683842115220614e+03 1.204503540258781267e-06
1.282442705622053609e+03 1.000000000000000167e-06
