1.311178345880862935e+03 1.000000000000000142e+02
1.311168957945352986e+03 8.302175681319752698e+01
1.311145806951034274e+03 6.892612104349696267e+01
1.311094207829167772e+03 5.722367659350220492e+01
1.310989981134782056e+03 4.750810162102794010e+01
1.310798629114253117e+03 3.944206059437656364e+01
1.310331160095179484e+03 3.274549162877731590e+01
1.309272123495067490e+03 2.718588242732940330e+01
1.306684136263438404e+03 2.257019719633921540e+01
1.305817211770262702e+03 1.873817422860383175e+01
1.304839969666501247e+03 1.555676143930472399e+01
1.304333132110333963e+03 1.291549665014882997e+01
1.303119080071406415e+03 1.072267222010323096e+01
1.301902841322004406e+03 8.902150854450393780e+00
1.301583970312123256e+03 7.390722033525776169e+00
1.301241256802523139e+03 6.135907273413176100e+00
1.299788347944388079e+03 5.094138014816375737e+00
1.298543207635694216e+03 4.229242874389499640e+00
1.297243217660218306e+03 3.511191734215127980e+00
1.293818417455230701e+03 2.915053062825175623e+00
1.292925596772954577e+03 2.420128264794383810e+00
1.292273236523725700e+03 2.009233002565046000e+00
1.292202144069852238e+03 1.668100537200059241e+00
1.292019210494394883e+03 1.384886371393871718e+00
1.291763834969796335e+03 1.149756995397735793e+00
1.291446734331467951e+03 9.545484566618328559e-01
1.289759935815317476e+03 7.924828983539170535e-01
1.283582939501794954e+03 6.579332246575683163e-01
1.282245411084086300e+03 5.462277217684337050e-01
1.281004359587329645e+03 4.534878508128582508e-01
1.277329677042491767e+03 3.764935806792471529e-01
1.271622436626170611e+03 3.125715849688235348e-01
1.270312817140452808e+03 2.595024211399732383e-01
1.269026337997854853e+03 2.154434690031882260e-01
1.266895032752047200e+03 1.788649529057435295e-01
1.264903371818639471e+03 1.484968262254463545e-01
1.262687565631502594e+03 1.232846739442065992e-01
1.259754353273344350e+03 1.023531021899027060e-01
1.255410265629481501e+03 8.497534359086438005e-02
1.252047933404445303e+03 7.054802310718638614e-02
1.249637843227053054e+03 5.857020818056662276e-02
1.244470737282094433e+03 4.862601580065348955e-02
1.238991471489046489e+03 4.037017258596554276e-02
1.234968682406610696e+03 3.351602650938841077e-02
1.232066200439241129e+03 2.782559402207123583e-02
1.227230624359147441e+03 2.310129700083158460e-02
1.225510616029479024e+03 1.917910261672486905e-02
1.223786290234209218e+03 1.592282793341090810e-02
1.222023424740751807e+03 1.321941148466028795e-02
1.218131057704260456e+03 1.097498765493055625e-02
1.210553698797271181e+03 9.111627561154888796e-03
1.209868941939510023e+03 7.564633275546276195e-03
1.209131245483117937e+03 6.280291441834247486e-03
1.203653971519845300e+03 5.214008287999684008e-03
1.200559833049631379e+03 4.328761281083053081e-03
1.194967609909675730e+03 3.593813663804625805e-03
1.190079740946560150e+03 2.983647240283334324e-03
1.185030283960642919e+03 2.477076355991709132e-03
1.182343262812920102e+03 2.056512308348651657e-03
1.174101954795946313e+03 1.707352647470688914e-03
1.167298371271503811e+03 1.417474162926804808e-03
1.163972982846199557e+03 1.176811952434996802e-03
1.162399742427914589e+03 9.770099572992247371e-04
1.159266605840128250e+03 8.111308307896856031e-04
1.153807930102208047e+03 6.734150657750814697e-04
1.151478451437164495e+03 5.590810182512222660e-04
1.147386053267076022e+03 4.641588833612773522e-04
1.145196234742222259e+03 3.853528593710527734e-04
1.137679947459826053e+03 3.199267137797377888e-04
1.135226078053876790e+03 2.656087782946684275e-04
1.128110127840615633e+03 2.205130739903041258e-04
1.125030818094404594e+03 1.830738280295366339e-04
1.122744594003074781e+03 1.519911082952933351e-04
1.120958153198529772e+03 1.261856883066018585e-04
1.118098942880378900e+03 1.047615752789664132e-04
1.111445400842275603e+03 8.697490026177818155e-05
1.105629378648213560e+03 7.220809018385457615e-05
1.100714528107973592e+03 5.994842503189408905e-05
1.093634644091458995e+03 4.977023564332103795e-05
1.090263510206789533e+03 4.132012400115334376e-05
1.088373365164214420e+03 3.430469286314912652e-05
1.085484709186926921e+03 2.848035868435799396e-05
1.083579597452338248e+03 2.364489412645402454e-05
1.080015866984678951e+03 1.963040650040268496e-05
1.077757817051620123e+03 1.629750834620643783e-05
1.075226474902917516e+03 1.353047774579805024e-05
1.073697119989039948e+03 1.123324032978026594e-05
1.072790690077113140e+03 9.326033468832181083e-06
1.070730518393695320e+03 7.742636826811263341e-06
1.069126250020050747e+03 6.428073117284306733e-06
1.067209249546320962e+03 5.336699231206302861e-06
1.065489542055296170e+03 4.430621457583878230e-06
1.064503642434020321e+03 3.678379771828626713e-06
1.063360358897692095e+03 3.053855508833412725e-06
1.062689113298898064e+03 2.535364493970106576e-06
1.062214636699635093e+03 2.104904144512017605e-06
1.062060933615267004e+03 1.747528400007683116e-06
1.061942250888291710e+03 1.450828778495937304e-06
1.061854683240584791e+03 1.204503540258781267e-06
1.061793383452727767e+03 1.000000000000000167e-06
