1.883509040942718229e+03 1.000000000000000142e+02
1.883441562526936650e+03 8.302175681319752698e+01
1.880531868088961119e+03 6.892612104349696267e+01
1.876557272626272834e+03 5.722367659350220492e+01
1.873058757477585459e+03 4.750810162102794010e+01
1.871856054821369753e+03 3.944206059437656364e+01
1.864236509610150961e+03 3.274549162877731590e+01
1.860350816358819884e+03 2.718588242732940330e+01
1.859293027574892221e+03 2.257019719633921540e+01
1.859293014701600896e+03 1.873817422860383175e+01
1.855702736152837133e+03 1.555676143930472399e+01
1.848290450142855207e+03 1.291549665014882997e+01
1.848096669878947978e+03 1.072267222010323096e+01
1.842647373275309519e+03 8.902150854450393780e+00
1.840661506242306587e+03 7.390722033525776169e+00
1.834819277611838061e+03 6.135907273413176100e+00
1.831958147361357305e+03 5.094138014816375737e+00
1.830865733338582459e+03 4.229242874389499640e+00
1.822150533733276461e+03 3.511191734215127980e+00
1.815144081680821728e+03 2.915053062825175623e+00
1.801455885135078233e+03 2.420128264794383810e+00
1.791322202791159043e+03 2.009233002565046000e+00
1.784646040070188292e+03 1.668100537200059241e+00
1.783652958916506122e+03 1.384886371393871718e+00
1.779309158609442648e+03 1.149756995397735793e+00
1.771461996604068872e+03 9.545484566618328559e-01
1.763705971876443527e+03 7.924828983539170535e-01
1.754110072019169365e+03 6.579332246575683163e-01
1.744555802881072395e+03 5.462277217684337050e-01
1.737221677887673877e+03 4.534878508128582508e-01
1.731446938580063943e+03 3.764935806792471529e-01
1.729126535217846595e+03 3.125715849688235348e-01
1.720799584661879635e+03 2.595024211399732383e-01
1.711643555404710696e+03 2.154434690031882260e-01
1.705421679757260790e+03 1.788649529057435295e-01
1.688689328840664757e+03 1.484968262254463545e-01
1.679245471561855311e+03 1.232846739442065992e-01
1.675023565811472508e+03 1.023531021899027060e-01
1.666035284183953763e+03 8.497534359086438005e-02
1.652512254774373105e+03 7.054802310718638614e-02
1.642204123160104245e+03 5.857020818056662276e-02
1.633898379809918424e+03 4.862601580065348955e-02
1.622983689085661581e+03 4.037017258596554276e-02
1.616392463546722183e+03 3.351602650938841077e-02
1.604370528832834452e+03 2.782559402207123583e-02
1.597503990638139157e+03 2.310129700083158460e-02
1.592604829409159493e+03 1.917910261672486905e-02
1.586081313758005535e+03 1.592282793341090810e-02
1.581304975751937263e+03 1.321941148466028795e-02
1.573570064492365645e+03 1.097498765493055625e-02
1.569524080358213268e+03 9.111627561154888796e-03
1.566264406705134206e+03 7.564633275546276195e-03
1.558961549821495964e+03 6.280291441834247486e-03
1.552605091569984779e+03 5.214008287999684008e-03
1.548587333370615852e+03 4.328761281083053081e-03
1.542129958125225130e+03 3.593813663804625805e-03
1.535681331825177494e+03 2.983647240283334324e-03
1.528774447047741205e+03 2.477076355991709132e-03
1.525865857066449735e+03 2.056512308348651657e-03
1.521135532504823686e+03 1.707352647470688914e-03
1.518642008600294503e+03 1.417474162926804808e-03
1.515581671013652567e+03 1.176811952434996802e-03
1.512388613735889294e+03 9.770099572992247371e-04
1.510891791734365597e+03 8.111308307896856031e-04
1.506944750906931631e+03 6.734150657750814697e-04
1.500101837543515103e+03 5.590810182512222660e-04
1.494718333051755508e+03 4.641588833612773522e-04
1.491018488065762540e+03 3.853528593710527734e-04
1.489371416349336869e+03 3.199267137797377888e-04
1.484761313325316223e+03 2.656087782946684275e-04
1.482467768812167833e+03 2.205130739903041258e-04
1.479692127710871318e+03 1.830738280295366339e-04
1.477739351083411066e+03 1.519911082952933351e-04
1.475680038400388412e+03 1.261856883066018585e-04
1.473428333899996005e+03 1.047615752789664132e-04
1.471968179079527317e+03 8.697490026177818155e-05
1.469648997401671295e+03 7.220809018385457615e-05
1.468758564762195419e+03 5.994842503189408905e-05
1.468132093400757412e+03 4.977023564332103795e-05
1.467232472239165190e+03 4.132012400115334376e-05
1.464954137228609170e+03 3.430469286314912652e-05
1.461468505408747205e+03 2.848035868435799396e-05
1.460096484735403237e+03 2.364489412645402454e-05
1.458069435793630191e+03 1.963040650040268496e-05
1.457301394303340658e+03 1.629750834620643783e-05
1.456815542570997877e+03 1.353047774579805024e-05
1.456066291565730353e+03 1.123324032978026594e-05
1.454660634905826100e+03 9.326033468832181083e-06
1.454060560780248352e+03 7.742636826811263341e-06
1.453433701109518324e+03 6.428073117284306733e-06
1.452174740393660613e+03 5.336699231206302861e-06
1.451522640688038564e+03 4.430621457583878230e-06
1.451048182799299184e+03 3.678379771828626713e-06
1.450644752652475745e+03 3.053855508833412725e-06
1.450311449117959683e+03 2.535364493970106576e-06
1.450035339136045195e+03 2.104904144512017605e-06
1.449813780722140109e+03 1.747528400007683116e-06
1.449642703109385820e+03 1.450828778495937304e-06
1.449516476955791632e+03 1.204503540258781267e-06
1.449428115139070769e+03 1.000000000000000167e-06
