5.511000000000000343e-01 1.481893989809751448e-02
5.531000000000000361e-01 1.482107396069608923e-02
5.554999999999999938e-01 1.482367327114637520e-02
5.598999999999999533e-01 1.482919063132322017e-02
5.608999999999998431e-01 1.483052743101965186e-02
5.643000000000000238e-01 1.483535245299244000e-02
5.684999999999998943e-01 1.483937901953169894e-02
5.686999999999999833e-01 1.483981598043877977e-02
5.765000000000000124e-01 1.485659306076113004e-02
5.843000000000000416e-01 1.489529545061144856e-02
5.920999999999999597e-01 1.493832208322478164e-02
5.998999999999999888e-01 1.485426372968679659e-02
6.077000000000000179e-01 1.483627380358285876e-02
6.154999999999999361e-01 1.482330041756847738e-02
6.232999999999999652e-01 1.481334123996800277e-02
6.310999999999999943e-01 1.480427826888989010e-02
6.389000000000000234e-01 1.479636078003587936e-02
6.466999999999999416e-01 1.478927030878728760e-02
6.544999999999999707e-01 1.478326604857937120e-02
6.622999999999999998e-01 1.477675708836831241e-02
6.701999999999999069e-01 1.477161345630745477e-02
6.780000000000000471e-01 1.476628917971945822e-02
6.857999999999999652e-01 1.476088671346381491e-02
6.935999999999998833e-01 1.475666802976491852e-02
7.013999999999999124e-01 1.475211273965142643e-02
7.092000000000000526e-01 1.474751158748599696e-02
7.169999999999999707e-01 1.474530829630139178e-02
7.247999999999998888e-01 1.474031482090219954e-02
7.327000000000000179e-01 1.473523388739843634e-02
7.405000000000000471e-01 1.473128270297687815e-02
7.482999999999998542e-01 1.472692995549691394e-02
7.560999999999999943e-01 1.472295430897187056e-02
7.639000000000000234e-01 1.471883725329244455e-02
7.717000000000000526e-01 1.471581382903987267e-02
7.795999999999999597e-01 1.471203872837011095e-02
7.873999999999999888e-01 1.470860162719353492e-02
7.952000000000000179e-01 1.470580893249373924e-02
8.029999999999999361e-01 1.470277633769534638e-02
8.107999999999999652e-01 1.470170971448138408e-02
8.185999999999999943e-01 1.469707117296749528e-02
8.263999999999999124e-01 1.469381826920199835e-02
8.343000000000000416e-01 1.469153232609606702e-02
8.538000000000000034e-01 1.468420842293401314e-02
8.850999999999999979e-01 1.467462622485500058e-02
9.162999999999998924e-01 1.467198894024397161e-02
9.474999999999998979e-01 1.466765747898210459e-02
