1.108874132376614853e+03 1.000000000000000142e+02
1.108874132376614853e+03 8.302175681319752698e+01
1.108874132376614853e+03 6.892612104349696267e+01
1.108874132376614853e+03 5.722367659350220492e+01
1.108874132376614853e+03 4.750810162102794010e+01
1.108874132376614853e+03 3.944206059437656364e+01
1.108874132376614853e+03 3.274549162877731590e+01
1.108874132376614853e+03 2.718588242732940330e+01
1.108874132376614853e+03 2.257019719633921540e+01
1.108874039454578224e+03 1.873817422860383175e+01
1.108873594955543012e+03 1.555676143930472399e+01
1.108872017391938016e+03 1.291549665014882997e+01
1.108867166704191959e+03 1.072267222010323096e+01
1.108853848472030677e+03 8.902150854450393780e+00
1.108049688761790776e+03 7.390722033525776169e+00
1.107076397485883717e+03 6.135907273413176100e+00
1.106056426540738357e+03 5.094138014816375737e+00
1.104939871104820213e+03 4.229242874389499640e+00
1.098279033105499821e+03 3.511191734215127980e+00
1.097571547039260622e+03 2.915053062825175623e+00
1.096571337994396117e+03 2.420128264794383810e+00
1.095262230672796022e+03 2.009233002565046000e+00
1.093664114010489129e+03 1.668100537200059241e+00
1.091828417010699013e+03 1.384886371393871718e+00
1.089824612457334752e+03 1.149756995397735793e+00
1.088656746144014278e+03 9.545484566618328559e-01
1.087365523906771841e+03 7.924828983539170535e-01
1.085691105061757980e+03 6.579332246575683163e-01
1.083958474863231459e+03 5.462277217684337050e-01
1.082172306543971672e+03 4.534878508128582508e-01
1.080344541938213979e+03 3.764935806792471529e-01
1.078491442942364984e+03 3.125715849688235348e-01
1.075099080392566293e+03 2.595024211399732383e-01
1.072037552997771627e+03 2.154434690031882260e-01
1.069468955827465152e+03 1.788649529057435295e-01
1.068193602848130695e+03 1.484968262254463545e-01
1.066932364622955902e+03 1.232846739442065992e-01
1.065679695827352816e+03 1.023531021899027060e-01
1.064426863923068822e+03 8.497534359086438005e-02
1.063162000205866889e+03 7.054802310718638614e-02
1.060912217674558406e+03 5.857020818056662276e-02
1.056120469247059191e+03 4.862601580065348955e-02
1.051622754580726223e+03 4.037017258596554276e-02
1.049569824011098717e+03 3.351602650938841077e-02
1.046579400768570395e+03 2.782559402207123583e-02
1.045073583257559676e+03 2.310129700083158460e-02
1.043463651945742185e+03 1.917910261672486905e-02
1.041721452275885440e+03 1.592282793341090810e-02
1.037157627843826731e+03 1.321941148466028795e-02
1.032635420091722381e+03 1.097498765493055625e-02
1.030846847125925478e+03 9.111627561154888796e-03
1.029120278932092560e+03 7.564633275546276195e-03
1.027439066417573258e+03 6.280291441834247486e-03
1.025796545231346499e+03 5.214008287999684008e-03
1.020500605776886573e+03 4.328761281083053081e-03
1.019325378574881483e+03 3.593813663804625805e-03
1.018176816233421164e+03 2.983647240283334324e-03
1.014895900371562675e+03 2.477076355991709132e-03
1.013634946454535680e+03 2.056512308348651657e-03
1.012404376969244368e+03 1.707352647470688914e-03
1.011204191915688511e+03 1.417474162926804808e-03
1.010034391293868225e+03 1.176811952434996802e-03
1.008894975103783736e+03 9.770099572992247371e-04
1.007785943345434703e+03 8.111308307896856031e-04
1.006707296018821239e+03 6.734150657750814697e-04
1.003560570591240548e+03 5.590810182512222660e-04
9.967537498089067185e+02 4.641588833612773522e-04
9.903292855856241204e+02 3.853528593710527734e-04
9.865455681919518156e+02 3.199267137797377888e-04
9.828819688107770389e+02 2.656087782946684275e-04
9.816342137785657087e+02 2.205130739903041258e-04
9.808563143885279487e+02 1.830738280295366339e-04
9.801057097139300822e+02 1.519911082952933351e-04
9.793823997547719955e+02 1.261856883066018585e-04
9.786863845110541433e+02 1.047615752789664132e-04
9.780176639827759573e+02 8.697490026177818155e-05
9.773762381699377784e+02 7.220809018385457615e-05
9.750439525368823297e+02 5.994842503189408905e-05
9.687064579764013388e+02 4.977023564332103795e-05
9.622503214681394184e+02 4.132012400115334376e-05
9.584229052053667601e+02 3.430469286314912652e-05
9.541087889190444002e+02 2.848035868435799396e-05
9.453548925435871979e+02 2.364489412645402454e-05
9.371011606381407546e+02 1.963040650040268496e-05
9.314532069274300738e+02 1.629750834620643783e-05
9.262970206000887856e+02 1.353047774579805024e-05
9.238126591018628915e+02 1.123324032978026594e-05
9.231215442516338499e+02 9.326033468832181083e-06
9.224857173561606487e+02 7.742636826811263341e-06
9.219051727564260545e+02 6.428073117284306733e-06
9.213798918143793344e+02 5.336699231206302861e-06
9.207585808798036169e+02 4.430621457583878230e-06
9.193649281689073405e+02 3.678379771828626713e-06
9.181550187701124059e+02 3.053855508833412725e-06
9.171263704551716955e+02 2.535364493970106576e-06
9.162742340742995566e+02 2.104904144512017605e-06
9.155904558795823505e+02 1.747528400007683116e-06
9.150624725854978578e+02 1.450828778495937304e-06
9.146729107994690366e+02 1.204503540258781267e-06
9.144002067190666594e+02 1.000000000000000167e-06
