3.071999999999999176e-01 1.502386251072875510e-02
3.246999999999999886e-01 1.500841691223427955e-02
3.378999999999999782e-01 1.499099782922228528e-02
3.467000000000000082e-01 1.497782455597909679e-02
3.554999999999999827e-01 1.496358960901767420e-02
3.643000000000000127e-01 1.494940482377638512e-02
3.730999999999999872e-01 1.493470584413061214e-02
3.796999999999999265e-01 1.492313153650254298e-02
3.840999999999999970e-01 1.491527573550966400e-02
3.885000000000000120e-01 1.490751954147423626e-02
3.929000000000000270e-01 1.489980322130158609e-02
3.972999999999999865e-01 1.489182317209177507e-02
4.017000000000000015e-01 1.488433725593306736e-02
4.061000000000000165e-01 1.487671275680286197e-02
4.104999999999999760e-01 1.486915081716305015e-02
4.148999999999999910e-01 1.486203513669276041e-02
4.193000000000000060e-01 1.485491011008425837e-02
4.237000000000000210e-01 1.484767845481702910e-02
4.280999999999999805e-01 1.484028641266791140e-02
4.324999999999999956e-01 1.483279473310351523e-02
4.369000000000000106e-01 1.482552931510839472e-02
4.413000000000000256e-01 1.481874513059303067e-02
4.456999999999999851e-01 1.481201129134598025e-02
4.501000000000000001e-01 1.480499583994742026e-02
4.545000000000000151e-01 1.479811892421045716e-02
4.588999999999999746e-01 1.479133423518826096e-02
4.632999999999999896e-01 1.478443692673118114e-02
4.677000000000000046e-01 1.477781037335368190e-02
4.721000000000000196e-01 1.477111288618822987e-02
4.764999999999999791e-01 1.476440340002307429e-02
4.809000000000000496e-01 1.475789993912101326e-02
4.853000000000000647e-01 1.475134235362017369e-02
4.897000000000000242e-01 1.474494631949339364e-02
4.940999999999999837e-01 1.473872378483761202e-02
4.984999999999999432e-01 1.473674218413602646e-02
5.029000000000000137e-01 1.474228190946019409e-02
5.071999999999999842e-01 1.475591833019255714e-02
5.116000000000000547e-01 1.477212623475767164e-02
5.160000000000000142e-01 1.478578652271649724e-02
5.203999999999999737e-01 1.478977199074849903e-02
5.248000000000000442e-01 1.479265173116578111e-02
5.291999999999998927e-01 1.479634838219054047e-02
5.335999999999999632e-01 1.479981051957836649e-02
5.379999999999999227e-01 1.480387204741543186e-02
5.423999999999999932e-01 1.480907987141396806e-02
5.453000000000000069e-01 1.481198398849428895e-02
5.466999999999999638e-01 1.481364621700129169e-02
