2.869539389413253502e+03 1.000000000000000142e+02
2.869534993288132227e+03 8.302175681319752698e+01
2.869519448503545391e+03 6.892612104349696267e+01
2.869471753050883763e+03 5.722367659350220492e+01
2.869341050044847634e+03 4.750810162102794010e+01
2.869018498340304632e+03 3.944206059437656364e+01
2.868299035867841212e+03 3.274549162877731590e+01
2.866774148885108389e+03 2.718588242732940330e+01
2.775409224551942316e+03 2.257019719633921540e+01
2.677393270946905886e+03 1.873817422860383175e+01
2.638105681998354157e+03 1.555676143930472399e+01
2.628350939333872702e+03 1.291549665014882997e+01
2.615522475821860553e+03 1.072267222010323096e+01
2.599705953296308053e+03 8.902150854450393780e+00
2.581203758613261016e+03 7.390722033525776169e+00
2.560375932816893055e+03 6.135907273413176100e+00
2.537474571658716741e+03 5.094138014816375737e+00
2.512553443839309239e+03 4.229242874389499640e+00
2.500271305536390628e+03 3.511191734215127980e+00
2.475584078356112968e+03 2.915053062825175623e+00
2.431461444810628564e+03 2.420128264794383810e+00
2.377578425079479075e+03 2.009233002565046000e+00
2.377576163784183336e+03 1.668100537200059241e+00
2.365345531511174613e+03 1.384886371393871718e+00
2.330976608593229230e+03 1.149756995397735793e+00
2.291735879221687355e+03 9.545484566618328559e-01
2.256986251503862604e+03 7.924828983539170535e-01
2.248484799195256073e+03 6.579332246575683163e-01
2.220138494899622856e+03 5.462277217684337050e-01
2.195413720214140994e+03 4.534878508128582508e-01
2.182326101618552002e+03 3.764935806792471529e-01
2.163658187614436883e+03 3.125715849688235348e-01
2.153274454262573272e+03 2.595024211399732383e-01
2.132125186312357073e+03 2.154434690031882260e-01
2.111984647482548553e+03 1.788649529057435295e-01
2.085674153574904722e+03 1.484968262254463545e-01
2.054681031508621345e+03 1.232846739442065992e-01
2.005334980109452772e+03 1.023531021899027060e-01
1.977082780171631839e+03 8.497534359086438005e-02
1.961528583400680418e+03 7.054802310718638614e-02
1.943712714946833103e+03 5.857020818056662276e-02
1.927579037843110882e+03 4.862601580065348955e-02
1.905260801396392935e+03 4.037017258596554276e-02
1.895967336316526826e+03 3.351602650938841077e-02
1.886227320232673947e+03 2.782559402207123583e-02
1.875244357762568143e+03 2.310129700083158460e-02
1.855202264586540423e+03 1.917910261672486905e-02
1.847118353736112340e+03 1.592282793341090810e-02
1.832449578049074034e+03 1.321941148466028795e-02
1.815689731367776858e+03 1.097498765493055625e-02
1.799033485824784066e+03 9.111627561154888796e-03
1.767414472661461105e+03 7.564633275546276195e-03
1.756539237526633542e+03 6.280291441834247486e-03
1.739401264937497217e+03 5.214008287999684008e-03
1.729131455184080323e+03 4.328761281083053081e-03
1.712165934672074854e+03 3.593813663804625805e-03
1.701114033048724878e+03 2.983647240283334324e-03
1.690038160657386925e+03 2.477076355991709132e-03
1.677231671075639269e+03 2.056512308348651657e-03
1.664196339819653986e+03 1.707352647470688914e-03
1.641959862607610376e+03 1.417474162926804808e-03
1.631773744402924422e+03 1.176811952434996802e-03
1.621840808294048202e+03 9.770099572992247371e-04
1.612168653694109253e+03 8.111308307896856031e-04
1.602524603686319551e+03 6.734150657750814697e-04
1.593616325959618734e+03 5.590810182512222660e-04
1.581307714854085361e+03 4.641588833612773522e-04
1.575503216877044679e+03 3.853528593710527734e-04
1.570275971479838745e+03 3.199267137797377888e-04
1.565374486697505745e+03 2.656087782946684275e-04
1.561696474652408369e+03 2.205130739903041258e-04
1.558355570019590004e+03 1.830738280295366339e-04
1.557057965455009480e+03 1.519911082952933351e-04
1.555597143500345283e+03 1.261856883066018585e-04
1.552139790941072079e+03 1.047615752789664132e-04
1.551471944918838744e+03 8.697490026177818155e-05
1.550625376332720180e+03 7.220809018385457615e-05
1.548896319842166577e+03 5.994842503189408905e-05
1.546875921828709352e+03 4.977023564332103795e-05
1.546269377049429067e+03 4.132012400115334376e-05
1.544671567638645001e+03 3.430469286314912652e-05
1.544025017865737709e+03 2.848035868435799396e-05
1.543413416729203618e+03 2.364489412645402454e-05
1.542836764229043183e+03 1.963040650040268496e-05
1.542295060365256404e+03 1.629750834620643783e-05
1.541788305137842599e+03 1.353047774579805024e-05
1.541316498546802222e+03 1.123324032978026594e-05
1.540172757244594550e+03 9.326033468832181083e-06
1.539551489052460965e+03 7.742636826811263341e-06
1.539234423866224461e+03 6.428073117284306733e-06
1.538614477017251829e+03 5.336699231206302861e-06
1.537081554216068753e+03 4.430621457583878230e-06
1.535631077713309878e+03 3.678379771828626713e-06
1.534715953750983317e+03 3.053855508833412725e-06
1.533937927956038038e+03 2.535364493970106576e-06
1.533404337520820036e+03 2.104904144512017605e-06
1.533303873119154559e+03 1.747528400007683116e-06
1.533226298949432248e+03 1.450828778495937304e-06
1.533169062418569638e+03 1.204503540258781267e-06
1.533128995255736754e+03 1.000000000000000167e-06
