1.121699999999999697e+00 1.466697380180444037e-02
1.140200000000000102e+00 1.466651073203254982e-02
1.158800000000000052e+00 1.466200401802868203e-02
1.177400000000000002e+00 1.466178384370559265e-02
1.195899999999999741e+00 1.464600574885535113e-02
1.214499999999999691e+00 1.463000264467540466e-02
1.233000000000000096e+00 1.461735603328847936e-02
1.251600000000000046e+00 1.459953299660652487e-02
1.270199999999999996e+00 1.459722456295502006e-02
1.288699999999999735e+00 1.458576786129458895e-02
1.307299999999999685e+00 1.460689920109897559e-02
1.325900000000000079e+00 1.465868747257280738e-02
1.344400000000000039e+00 1.474831613750505858e-02
1.362999999999999989e+00 1.476324110793831440e-02
1.381499999999999728e+00 1.472204369737101746e-02
1.400099999999999678e+00 1.476279550673970098e-02
1.418700000000000072e+00 1.479213290502044871e-02
1.437200000000000033e+00 1.478377184885465608e-02
1.455799999999999983e+00 1.475230941649937309e-02
1.474399999999999711e+00 1.475813331195440815e-02
1.492899999999999894e+00 1.474084174459346433e-02
1.511500000000000066e+00 1.471513701174172357e-02
1.530000000000000027e+00 1.472034343821226540e-02
1.548599999999999977e+00 1.469530478680428076e-02
1.567199999999999704e+00 1.469281372127035669e-02
1.585700000000000109e+00 1.468752866127427670e-02
1.604300000000000059e+00 1.465745313592482953e-02
1.622900000000000009e+00 1.464575352072206883e-02
1.639100000000000001e+00 1.463136966419837856e-02
