 F
       19833      103026           3        1000
    0.339631020115598687E+03    0.353848732984785784E+03
 T
   2
    0.200000000000000000E+01    0.300000000000000000E+01    0.968999999999999972E+00    0.309999999999999998E-01
   0
   0
 T T     0           0
    0.000000000000000000E+00   -0.999999999999999966E+90    0.000000000000000000E+00
 T F     1         969
    0.581804342729343823E-08    0.339630746266813674E+03    0.353850639447297908E+03
 T F     1          31
    0.465713749648974651E-08    0.331427948710725275E+03    0.346887951822891125E+03
