 F
       19298      108475           3        1000
    0.340140732828537239E+03    0.353943933482146690E+03
 T
   2
    0.200000000000000000E+01    0.300000000000000000E+01    0.969999999999999973E+00    0.299999999999999989E-01
   0
   0
 T T     0           0
    0.000000000000000000E+00   -0.999999999999999966E+90    0.000000000000000000E+00
 T F     1         970
    0.100743460392698661E-07    0.340140439236007126E+03    0.353945766779081112E+03
 T F     1          30
    0.562773999451438617E-08    0.332007268331272655E+03    0.347700492079618471E+03
