3.071999999999999176e-01 8.799999999999998795e-03 1.492550900000000000e-02 1.392739999999999950e-04
3.246999999999999886e-01 8.799999999999998795e-03 1.498176000000000022e-02 9.791999999999999760e-05
3.378999999999999782e-01 4.399999999999999398e-03 1.500379999999999943e-02 1.224900000000000012e-04
3.467000000000000082e-01 4.399999999999999398e-03 1.502585600000000063e-02 1.201279999999999991e-04
3.554999999999999827e-01 4.399999999999999398e-03 1.507001799999999926e-02 1.104839999999999945e-04
3.643000000000000127e-01 4.399999999999999398e-03 1.508229600000000024e-02 9.579180000000000670e-05
3.730999999999999872e-01 4.399999999999999398e-03 1.504056999999999963e-02 1.422619999999999874e-04
3.796999999999999265e-01 2.199999999999999699e-03 1.480602200000000028e-02 9.977760000000000502e-05
3.840999999999999970e-01 2.199999999999999699e-03 1.492306600000000046e-02 1.197170000000000059e-04
3.885000000000000120e-01 2.199999999999999699e-03 1.498910500000000083e-02 8.325239999999999594e-05
3.929000000000000270e-01 2.199999999999999699e-03 1.504792899999999982e-02 1.177630000000000040e-04
3.972999999999999865e-01 2.199999999999999699e-03 1.476468000000000051e-02 1.288010000000000023e-04
4.017000000000000015e-01 2.199999999999999699e-03 1.486936399999999950e-02 7.316400000000000626e-05
4.061000000000000165e-01 2.199999999999999699e-03 1.490596800000000034e-02 1.147650000000000032e-04
4.104999999999999760e-01 2.199999999999999699e-03 1.487911999999999915e-02 1.146610000000000055e-04
4.148999999999999910e-01 2.199999999999999699e-03 1.482793299999999974e-02 7.793280000000000032e-05
4.193000000000000060e-01 2.199999999999999699e-03 1.493283999999999931e-02 8.309600000000000536e-05
4.237000000000000210e-01 2.199999999999999699e-03 1.479385700000000053e-02 7.297800000000000500e-05
4.280999999999999805e-01 2.199999999999999699e-03 1.494750799999999998e-02 8.802720000000000314e-05
4.324999999999999956e-01 2.199999999999999699e-03 1.477926499999999976e-02 1.167070000000000059e-04
4.369000000000000106e-01 2.199999999999999699e-03 1.476224999999999933e-02 8.019000000000000303e-05
4.413000000000000256e-01 2.199999999999999699e-03 1.469913800000000048e-02 1.260900000000000074e-04
4.456999999999999851e-01 2.199999999999999699e-03 1.478169600000000042e-02 1.361699999999999922e-04
4.501000000000000001e-01 2.199999999999999699e-03 1.488888000000000017e-02 7.809279999999999878e-05
4.545000000000000151e-01 2.199999999999999699e-03 1.482306299999999917e-02 6.574500000000000157e-05
4.588999999999999746e-01 2.199999999999999699e-03 1.475739000000000044e-02 6.316960000000000587e-05
4.632999999999999896e-01 2.199999999999999699e-03 1.469428799999999979e-02 5.818560000000000073e-05
4.677000000000000046e-01 2.199999999999999699e-03 1.483280399999999978e-02 9.012459999999999428e-05
4.721000000000000196e-01 2.199999999999999699e-03 1.482062800000000062e-02 7.547879999999999976e-05
4.764999999999999791e-01 2.199999999999999699e-03 1.475739000000000044e-02 1.020429999999999986e-04
4.809000000000000496e-01 2.199999999999999699e-03 1.458539300000000032e-02 1.714929999999999927e-04
4.853000000000000647e-01 2.199999999999999699e-03 1.479629000000000014e-02 8.514800000000000537e-05
4.897000000000000242e-01 2.199999999999999699e-03 1.475253200000000049e-02 9.473880000000000170e-05
4.940999999999999837e-01 2.199999999999999699e-03 1.461922799999999974e-02 5.561860000000000312e-05
4.984999999999999432e-01 2.199999999999999699e-03 1.483767599999999930e-02 6.090500000000000048e-05
5.029000000000000137e-01 2.199999999999999699e-03 1.481575800000000005e-02 7.059760000000000319e-05
5.071999999999999842e-01 2.199999999999999699e-03 1.476710999999999996e-02 8.749440000000000038e-05
5.116000000000000547e-01 2.199999999999999699e-03 1.466763199999999989e-02 1.259540000000000074e-04
5.160000000000000142e-01 2.199999999999999699e-03 1.471854199999999939e-02 1.140410000000000013e-04
5.203999999999999737e-01 2.199999999999999699e-03 1.464584000000000025e-02 8.955480000000000526e-05
5.248000000000000442e-01 2.199999999999999699e-03 1.489864400000000082e-02 9.276559999999999830e-05
5.291999999999998927e-01 2.199999999999999699e-03 1.463857999999999999e-02 7.985339999999999680e-05
5.335999999999999632e-01 2.199999999999999699e-03 1.485229700000000042e-02 7.799680000000000512e-05
5.379999999999999227e-01 2.199999999999999699e-03 1.473795999999999960e-02 6.312799999999999597e-05
5.423999999999999932e-01 2.199999999999999699e-03 1.470156300000000082e-02 7.032500000000000177e-05
5.453000000000000069e-01 3.899999999999999387e-03 1.507247299999999943e-02 2.504510000000000048e-04
5.466999999999999638e-01 2.199999999999999699e-03 1.479629000000000014e-02 9.244640000000000312e-05
5.511000000000000343e-01 2.199999999999999699e-03 1.483523999999999954e-02 6.333600000000000482e-05
5.531000000000000361e-01 3.899999999999999387e-03 1.505774399999999964e-02 1.914279999999999975e-04
5.554999999999999938e-01 2.199999999999999699e-03 1.468459199999999978e-02 7.755519999999999905e-05
5.598999999999999533e-01 2.199999999999999699e-03 1.475981999999999988e-02 9.476219999999999880e-05
5.608999999999998431e-01 3.899999999999999387e-03 1.493528400000000006e-02 1.979799999999999984e-04
5.643000000000000238e-01 2.199999999999999699e-03 1.473553200000000084e-02 7.040620000000000363e-05
5.684999999999998943e-01 2.199999999999999699e-03 1.469913800000000048e-02 9.941679999999999994e-05
5.686999999999999833e-01 3.899999999999999387e-03 1.501360099999999968e-02 6.861679999999999668e-05
5.765000000000000124e-01 3.899999999999999387e-03 1.467489999999999940e-02 8.722079999999999677e-05
5.843000000000000416e-01 3.899999999999999387e-03 1.499400300000000054e-02 7.102099999999999646e-05
5.920999999999999597e-01 3.899999999999999387e-03 1.493039600000000029e-02 7.331399999999999636e-05
5.998999999999999888e-01 3.899999999999999387e-03 1.505774399999999964e-02 9.080539999999999630e-05
6.077000000000000179e-01 3.899999999999999387e-03 1.485229700000000042e-02 6.337240000000000332e-05
6.154999999999999361e-01 3.899999999999999387e-03 1.490596800000000034e-02 6.592859999999999758e-05
6.232999999999999652e-01 3.899999999999999387e-03 1.494995300000000020e-02 6.113500000000000336e-05
6.310999999999999943e-01 3.899999999999999387e-03 1.490841000000000041e-02 6.105000000000000671e-05
6.389000000000000234e-01 3.899999999999999387e-03 1.486204799999999923e-02 6.583140000000000129e-05
6.466999999999999416e-01 3.899999999999999387e-03 1.470398799999999943e-02 4.607879999999999664e-05
6.544999999999999707e-01 3.899999999999999387e-03 1.459747200000000023e-02 5.799359999999999986e-05
6.622999999999999998e-01 3.899999999999999387e-03 1.489132100000000077e-02 6.345559999999999601e-05
6.701999999999999069e-01 3.899999999999999387e-03 1.457090400000000084e-02 1.182959999999999936e-04
6.780000000000000471e-01 3.899999999999999387e-03 1.472096900000000042e-02 5.095859999999999691e-05
6.857999999999999652e-01 3.899999999999999387e-03 1.478412800000000055e-02 2.261569999999999965e-04
6.935999999999998833e-01 3.899999999999999387e-03 1.464826099999999923e-02 5.809439999999999727e-05
7.013999999999999124e-01 3.899999999999999387e-03 1.476468000000000051e-02 6.318519999999999942e-05
7.092000000000000526e-01 3.899999999999999387e-03 1.472582300000000073e-02 6.795599999999999785e-05
7.169999999999999707e-01 3.899999999999999387e-03 1.462164600000000030e-02 8.706240000000000181e-05
7.247999999999998888e-01 3.899999999999999387e-03 1.468943999999999979e-02 2.036159999999999966e-04
7.327000000000000179e-01 3.899999999999999387e-03 1.471611599999999957e-02 6.308120000000000177e-05
7.405000000000000471e-01 3.899999999999999387e-03 1.466520999999999970e-02 8.719200000000000138e-05
7.482999999999998542e-01 3.899999999999999387e-03 1.458780800000000072e-02 1.352740000000000062e-04
7.560999999999999943e-01 3.899999999999999387e-03 1.491329400000000055e-02 7.815680000000000359e-05
7.639000000000000234e-01 3.899999999999999387e-03 1.478412800000000055e-02 1.069989999999999966e-04
7.717000000000000526e-01 3.899999999999999387e-03 1.491085200000000048e-02 6.349720000000000592e-05
7.795999999999999597e-01 3.899999999999999387e-03 1.469428799999999979e-02 1.018249999999999949e-04
7.873999999999999888e-01 3.899999999999999387e-03 1.478169600000000042e-02 6.565320000000000357e-05
7.952000000000000179e-01 3.899999999999999387e-03 1.481332399999999924e-02 1.022360000000000017e-04
8.029999999999999361e-01 3.899999999999999387e-03 1.469913800000000048e-02 9.941679999999999994e-05
8.107999999999999652e-01 3.899999999999999387e-03 1.468216900000000012e-02 1.066300000000000006e-04
8.185999999999999943e-01 3.899999999999999387e-03 1.452025000000000017e-02 1.277299999999999985e-04
8.263999999999999124e-01 3.899999999999999387e-03 1.483523999999999954e-02 8.769599999999999520e-05
8.343000000000000416e-01 3.899999999999999387e-03 1.453953600000000047e-02 2.049859999999999920e-04
8.538000000000000034e-01 1.559999999999999755e-02 1.478412800000000055e-02 1.045670000000000036e-04
8.850999999999999979e-01 1.559999999999999755e-02 1.473553200000000084e-02 6.312279999999999812e-05
9.162999999999998924e-01 1.559999999999999755e-02 1.437121400000000021e-02 1.150850000000000001e-04
9.474999999999998979e-01 1.559999999999999755e-02 1.480845599999999936e-02 1.508960000000000000e-04
1.121699999999999697e+00 9.299999999999999239e-03 1.462406500000000033e-02 3.386039999999999856e-05
1.140200000000000102e+00 9.299999999999999239e-03 1.468459199999999978e-02 3.150680000000000131e-05
1.158800000000000052e+00 9.299999999999999239e-03 1.464584000000000025e-02 2.904480000000000015e-05
1.177400000000000002e+00 9.299999999999999239e-03 1.463857999999999999e-02 2.661780000000000119e-05
1.195899999999999741e+00 9.299999999999999239e-03 1.463132200000000042e-02 2.661120000000000027e-05
1.214499999999999691e+00 9.299999999999999239e-03 1.463374100000000046e-02 2.661339999999999832e-05
1.233000000000000096e+00 9.299999999999999239e-03 1.460230600000000066e-02 2.658479999999999998e-05
1.251600000000000046e+00 9.299999999999999239e-03 1.458056299999999951e-02 2.656500000000000061e-05
1.270199999999999996e+00 9.299999999999999239e-03 1.459505600000000035e-02 3.382679999999999943e-05
1.288699999999999735e+00 9.299999999999999239e-03 1.460472300000000001e-02 3.625499999999999762e-05
1.307299999999999685e+00 9.299999999999999239e-03 1.457331800000000004e-02 3.380159999999999838e-05
1.325900000000000079e+00 9.299999999999999239e-03 1.473310400000000034e-02 3.155880000000000013e-05
1.344400000000000039e+00 9.299999999999999239e-03 1.483523999999999954e-02 3.653999999999999913e-05
1.362999999999999989e+00 9.299999999999999239e-03 1.482549799999999945e-02 3.896319999999999992e-05
1.381499999999999728e+00 9.299999999999999239e-03 1.480115599999999934e-02 3.163159999999999713e-05
1.400099999999999678e+00 9.299999999999999239e-03 1.479385700000000053e-02 3.405640000000000143e-05
1.418700000000000072e+00 9.299999999999999239e-03 1.472339599999999971e-02 3.154839999999999766e-05
1.437200000000000033e+00 9.299999999999999239e-03 1.470156300000000082e-02 3.152500000000000056e-05
1.455799999999999983e+00 9.299999999999999239e-03 1.474281600000000060e-02 4.371120000000000257e-05
1.474399999999999711e+00 9.299999999999999239e-03 1.476710999999999996e-02 3.888640000000000092e-05
1.492899999999999894e+00 9.299999999999999239e-03 1.472096900000000042e-02 3.397240000000000020e-05
1.511500000000000066e+00 9.299999999999999239e-03 1.475496100000000047e-02 3.401159999999999806e-05
1.530000000000000027e+00 9.299999999999999239e-03 1.474524500000000057e-02 4.128619999999999784e-05
1.548599999999999977e+00 9.299999999999999239e-03 1.471368999999999976e-02 3.396400000000000211e-05
1.567199999999999704e+00 9.299999999999999239e-03 1.474038800000000010e-02 4.856399999999999785e-05
1.585700000000000109e+00 9.299999999999999239e-03 1.464099999999999950e-02 3.872000000000000197e-05
1.604300000000000059e+00 9.299999999999999239e-03 1.467489999999999940e-02 4.118759999999999847e-05
1.622900000000000009e+00 9.299999999999999239e-03 1.463616000000000049e-02 5.323119999999999951e-05
1.639100000000000001e+00 9.299999999999999239e-03 1.459988899999999958e-02 4.349879999999999762e-05
3.559999999999999609e+00 3.799999999999999489e-01 1.481089000000000017e-02 1.217000000000000037e-04
4.500000000000000000e+00 5.600000000000000533e-01 1.466036599999999933e-02 6.780480000000000513e-05
