1.130000000000001226e+00 1.605819126527906898e-02
1.149415766041918419e+00 1.613786076366769198e-02
1.169165135597989291e+00 1.613029234130948855e-02
1.189253840675102314e+00 1.606404708893378538e-02
1.209687711768022034e+00 1.598203820121571125e-02
1.230472679551623649e+00 1.595678556295350436e-02
1.251614776602194778e+00 1.581195490307011481e-02
1.273120139148311569e+00 1.583360336586192921e-02
1.294995008851812957e+00 1.584884490929630574e-02
1.317245734619350461e+00 1.598171842472903212e-02
1.339878774445087073e+00 1.620889731826105282e-02
1.362900697285048812e+00 1.655031251504669385e-02
1.386318184963678979e+00 1.656663129469886087e-02
1.410138034113157079e+00 1.660815430079607205e-02
1.434367158146032883e+00 1.658971460494931133e-02
1.459012589261761583e+00 1.655447405409762873e-02
1.484081480487706495e+00 1.651970401010811537e-02
1.509581107755221252e+00 1.640949296708805322e-02
1.535518872011392366e+00 1.635300883330371297e-02
1.561902301367072532e+00 1.625808296594175376e-02
1.588739053281829294e+00 1.614324046493605808e-02
1.616036916786410815e+00 1.602613822009146816e-02
1.643803814743425074e+00 1.593598015205483984e-02
1.672047806146849114e+00 1.589193188138957047e-02
1.700777088461051134e+00 1.594358925890929785e-02
1.729999999999999982e+00 1.611001103105109272e-02
