3.300000000000001266e-01 1.588919425676621477e-02
3.485606560277109134e-01 1.584523106754408620e-02
3.681652452438438639e-01 1.579989476237086965e-02
3.888724830569613711e-01 1.575623378336761873e-02
4.107443872892715397e-01 1.571434700310291033e-02
4.338464639189354433e-01 1.567103364518748418e-02
4.582479032693546062e-01 1.562805480206881648e-02
4.840217872329977689e-01 1.558571452394588025e-02
5.112453081504213515e-01 1.568868403690041810e-02
5.400000000000000355e-01 1.584229886990928815e-02
