5.900000000000000799e-01 1.612240833125302281e-02
6.235095244242215839e-01 1.586973294545580143e-02
6.589222492334219083e-01 1.575388995767710437e-02
6.963462682238460433e-01 1.572752854915152390e-02
7.358958144658163114e-01 1.580658672318192848e-02
7.776916089887407901e-01 1.592123986431710075e-02
8.218612292699613020e-01 1.573923254915975817e-02
8.685394986522370075e-01 1.564546369723380376e-02
9.178688978784881325e-01 1.579741463478676750e-02
9.700000000000000844e-01 1.597937561984509591e-02
