9.099268166294042430e+02 1.000000000000000142e+02
9.099268166294042430e+02 8.302175681319752698e+01
9.099268166294042430e+02 6.892612104349696267e+01
9.099268054460455915e+02 5.722367659350220492e+01
9.099267421206320705e+02 4.750810162102794010e+01
9.099265071006757353e+02 3.944206059437656364e+01
9.097487611238293539e+02 3.274549162877731590e+01
9.092920798287448179e+02 2.718588242732940330e+01
9.092905958900201995e+02 2.257019719633921540e+01
9.088730148562748354e+02 1.873817422860383175e+01
9.088729715470748260e+02 1.555676143930472399e+01
9.085323454291615235e+02 1.291549665014882997e+01
9.073041863974168564e+02 1.072267222010323096e+01
9.043484580792138559e+02 8.902150854450393780e+00
9.037663753733761496e+02 7.390722033525776169e+00
9.035267060601719322e+02 6.135907273413176100e+00
9.029653003878767095e+02 5.094138014816375737e+00
9.028758215572545396e+02 4.229242874389499640e+00
9.028758215572545396e+02 3.511191734215127980e+00
9.027581344996287953e+02 2.915053062825175623e+00
9.013862137966193586e+02 2.420128264794383810e+00
8.996287812363804051e+02 2.009233002565046000e+00
8.977008705251608944e+02 1.668100537200059241e+00
8.969736619059220857e+02 1.384886371393871718e+00
8.952642334338478349e+02 1.149756995397735793e+00
8.942784515367009135e+02 9.545484566618328559e-01
8.928438220550472124e+02 7.924828983539170535e-01
8.914392678664662526e+02 6.579332246575683163e-01
8.904267796852374204e+02 5.462277217684337050e-01
8.889768166406788623e+02 4.534878508128582508e-01
8.880491982579821979e+02 3.764935806792471529e-01
8.868431826628562931e+02 3.125715849688235348e-01
8.854941021297482848e+02 2.595024211399732383e-01
8.833516435706374068e+02 2.154434690031882260e-01
8.814311835538403557e+02 1.788649529057435295e-01
8.794495865528963350e+02 1.484968262254463545e-01
8.780182977091661769e+02 1.232846739442065992e-01
8.758488741058048390e+02 1.023531021899027060e-01
8.743629156802505804e+02 8.497534359086438005e-02
8.729606833784276887e+02 7.054802310718638614e-02
8.716798093563326120e+02 5.857020818056662276e-02
8.705663964628162148e+02 4.862601580065348955e-02
8.695059490018954875e+02 4.037017258596554276e-02
8.690920008498510470e+02 3.351602650938841077e-02
8.680549865085898773e+02 2.782559402207123583e-02
8.666462431668137469e+02 2.310129700083158460e-02
8.660573927189459482e+02 1.917910261672486905e-02
8.649074358236296121e+02 1.592282793341090810e-02
8.631205992685776209e+02 1.321941148466028795e-02
8.621535623517320346e+02 1.097498765493055625e-02
8.609082587796240205e+02 9.111627561154888796e-03
8.592360957535214538e+02 7.564633275546276195e-03
8.570333109808819927e+02 6.280291441834247486e-03
8.553851415104624039e+02 5.214008287999684008e-03
8.537086086258622117e+02 4.328761281083053081e-03
8.514241468682907907e+02 3.593813663804625805e-03
8.502556397839372266e+02 2.983647240283334324e-03
8.487385543559499865e+02 2.477076355991709132e-03
8.475017636417888980e+02 2.056512308348651657e-03
8.459678845449727760e+02 1.707352647470688914e-03
8.446273019319232844e+02 1.417474162926804808e-03
8.437674498634353313e+02 1.176811952434996802e-03
8.424199082043227236e+02 9.770099572992247371e-04
8.411090538446661640e+02 8.111308307896856031e-04
8.399604933120170926e+02 6.734150657750814697e-04
8.390937478676544288e+02 5.590810182512222660e-04
8.384460943494264029e+02 4.641588833612773522e-04
8.377394391393306705e+02 3.853528593710527734e-04
8.365647974499188422e+02 3.199267137797377888e-04
8.354767213539863633e+02 2.656087782946684275e-04
8.346771630550470036e+02 2.205130739903041258e-04
8.335226136377571038e+02 1.830738280295366339e-04
8.323044874924787564e+02 1.519911082952933351e-04
8.310926086088909415e+02 1.261856883066018585e-04
8.295961438797411347e+02 1.047615752789664132e-04
8.286216305066189989e+02 8.697490026177818155e-05
8.279005278696492951e+02 7.220809018385457615e-05
8.271355553208228457e+02 5.994842503189408905e-05
8.259248742918557582e+02 4.977023564332103795e-05
8.249035345973391031e+02 4.132012400115334376e-05
8.240817537155659238e+02 3.430469286314912652e-05
8.234794337605945884e+02 2.848035868435799396e-05
8.228649684698666533e+02 2.364489412645402454e-05
8.220623997751367824e+02 1.963040650040268496e-05
8.216632598327705637e+02 1.629750834620643783e-05
8.208234395703615291e+02 1.353047774579805024e-05
8.202887546489579336e+02 1.123324032978026594e-05
8.196414766016883959e+02 9.326033468832181083e-06
8.191895795699848577e+02 7.742636826811263341e-06
8.188477839530231677e+02 6.428073117284306733e-06
8.181948552259273129e+02 5.336699231206302861e-06
8.171874253382827646e+02 4.430621457583878230e-06
8.168261216031271488e+02 3.678379771828626713e-06
8.165312720067250893e+02 3.053855508833412725e-06
8.163193835598297028e+02 2.535364493970106576e-06
8.161221638591634928e+02 2.104904144512017605e-06
8.158589526925516111e+02 1.747528400007683116e-06
8.156828891080619997e+02 1.450828778495937304e-06
8.156212028326862082e+02 1.204503540258781267e-06
8.155780207249870273e+02 1.000000000000000167e-06
