1.409922676112944828e+03 1.000000000000000142e+02
1.409922676112944828e+03 8.302175681319752698e+01
1.409922676112944828e+03 6.892612104349696267e+01
1.409922676112944828e+03 5.722367659350220492e+01
1.408471371718374485e+03 4.750810162102794010e+01
1.405220158653670524e+03 3.944206059437656364e+01
1.402915262347051566e+03 3.274549162877731590e+01
1.392209124487059398e+03 2.718588242732940330e+01
1.392209124487059398e+03 2.257019719633921540e+01
1.392209124487059398e+03 1.873817422860383175e+01
1.378929783130573469e+03 1.555676143930472399e+01
1.365505652243215081e+03 1.291549665014882997e+01
1.355245397807515928e+03 1.072267222010323096e+01
1.341393068620987833e+03 8.902150854450393780e+00
1.330681795267028292e+03 7.390722033525776169e+00
1.319239358848476968e+03 6.135907273413176100e+00
1.311775235834305704e+03 5.094138014816375737e+00
1.310588286002744780e+03 4.229242874389499640e+00
1.310588286002744780e+03 3.511191734215127980e+00
1.310588286002744780e+03 2.915053062825175623e+00
1.304364545729554948e+03 2.420128264794383810e+00
1.303283316907818971e+03 2.009233002565046000e+00
1.296385296830248762e+03 1.668100537200059241e+00
1.279087256377585163e+03 1.384886371393871718e+00
1.272202614980649969e+03 1.149756995397735793e+00
1.257528980996418341e+03 9.545484566618328559e-01
1.255061399114274082e+03 7.924828983539170535e-01
1.251725205512966568e+03 6.579332246575683163e-01
1.250068516925801077e+03 5.462277217684337050e-01
1.243001604479353773e+03 4.534878508128582508e-01
1.228615070577854112e+03 3.764935806792471529e-01
1.215084317806946046e+03 3.125715849688235348e-01
1.204578702494489335e+03 2.595024211399732383e-01
1.197663491819951787e+03 2.154434690031882260e-01
1.187624362600556879e+03 1.788649529057435295e-01
1.177719781113842373e+03 1.484968262254463545e-01
1.175133666349109944e+03 1.232846739442065992e-01
1.165882572250199019e+03 1.023531021899027060e-01
1.161679490313960514e+03 8.497534359086438005e-02
1.151450074669192190e+03 7.054802310718638614e-02
1.143524408404397946e+03 5.857020818056662276e-02
1.135580586576717906e+03 4.862601580065348955e-02
1.127338341058643891e+03 4.037017258596554276e-02
1.121885056710818162e+03 3.351602650938841077e-02
1.114538691292741532e+03 2.782559402207123583e-02
1.109096196532403155e+03 2.310129700083158460e-02
1.105099879558725888e+03 1.917910261672486905e-02
1.089768772625847305e+03 1.592282793341090810e-02
1.082572179440808441e+03 1.321941148466028795e-02
1.076613521781124746e+03 1.097498765493055625e-02
1.072637991756939073e+03 9.111627561154888796e-03
1.067911932335611255e+03 7.564633275546276195e-03
1.060836709926470121e+03 6.280291441834247486e-03
1.052628986333679904e+03 5.214008287999684008e-03
1.046161807718849104e+03 4.328761281083053081e-03
1.041404103162923775e+03 3.593813663804625805e-03
1.034502677183124888e+03 2.983647240283334324e-03
1.030965588395393524e+03 2.477076355991709132e-03
1.029783362667862548e+03 2.056512308348651657e-03
1.025400764354334797e+03 1.707352647470688914e-03
1.021555488336307576e+03 1.417474162926804808e-03
1.013443944187331795e+03 1.176811952434996802e-03
1.009416064317204473e+03 9.770099572992247371e-04
1.007156052388272201e+03 8.111308307896856031e-04
1.003207355345080600e+03 6.734150657750814697e-04
9.995007547828431598e+02 5.590810182512222660e-04
9.972134780678574089e+02 4.641588833612773522e-04
9.930392400844211807e+02 3.853528593710527734e-04
9.881584435468006404e+02 3.199267137797377888e-04
9.852064599497316522e+02 2.656087782946684275e-04
9.813278876702484013e+02 2.205130739903041258e-04
9.789548857478453101e+02 1.830738280295366339e-04
9.774436172188576393e+02 1.519911082952933351e-04
9.737803742339435757e+02 1.261856883066018585e-04
9.695152559953346554e+02 1.047615752789664132e-04
9.680993662215614677e+02 8.697490026177818155e-05
9.675220063080604405e+02 7.220809018385457615e-05
9.659635654309527126e+02 5.994842503189408905e-05
9.640400975596977560e+02 4.977023564332103795e-05
9.623528983583527179e+02 4.132012400115334376e-05
9.609659548876472854e+02 3.430469286314912652e-05
9.577584383912741259e+02 2.848035868435799396e-05
9.554587892066641643e+02 2.364489412645402454e-05
9.529567210937317441e+02 1.963040650040268496e-05
9.526241103544601856e+02 1.629750834620643783e-05
9.511473917602373831e+02 1.353047774579805024e-05
9.507983834777621723e+02 1.123324032978026594e-05
9.504752276606553778e+02 9.326033468832181083e-06
9.491082695481672999e+02 7.742636826811263341e-06
9.482236885967788567e+02 6.428073117284306733e-06
9.479368277176947686e+02 5.336699231206302861e-06
9.476801167789481042e+02 4.430621457583878230e-06
9.474534761274761649e+02 3.678379771828626713e-06
9.472567164525435146e+02 3.053855508833412725e-06
9.469273529168480081e+02 2.535364493970106576e-06
9.464745851720922474e+02 2.104904144512017605e-06
9.461098078140680627e+02 1.747528400007683116e-06
9.454858723651512946e+02 1.450828778495937304e-06
9.444752259644171772e+02 1.204503540258781267e-06
9.438259457327435484e+02 1.000000000000000167e-06
