2.765389908554336671e+03 1.000000000000000142e+02
2.765389908554336671e+03 8.302175681319752698e+01
2.765389908554336671e+03 6.892612104349696267e+01
2.765388191657269545e+03 5.722367659350220492e+01
2.765380305667328230e+03 4.750810162102794010e+01
2.765352634093983397e+03 3.944206059437656364e+01
2.765268145819579331e+03 3.274549162877731590e+01
2.765037653635362403e+03 2.718588242732940330e+01
2.764471480512467679e+03 2.257019719633921540e+01
2.763214902973752032e+03 1.873817422860383175e+01
2.761906647591377350e+03 1.555676143930472399e+01
2.746820725690423387e+03 1.291549665014882997e+01
2.738641391099630255e+03 1.072267222010323096e+01
2.726274668275914792e+03 8.902150854450393780e+00
2.708331063888267181e+03 7.390722033525776169e+00
2.683810340358795202e+03 6.135907273413176100e+00
2.651872269527738808e+03 5.094138014816375737e+00
2.611786544750587836e+03 4.229242874389499640e+00
2.564091009452480193e+03 3.511191734215127980e+00
2.531577581066845596e+03 2.915053062825175623e+00
2.486216293806378872e+03 2.420128264794383810e+00
2.427405088126338342e+03 2.009233002565046000e+00
2.356073974179022116e+03 1.668100537200059241e+00
2.274502431607583731e+03 1.384886371393871718e+00
2.202998296872175160e+03 1.149756995397735793e+00
2.190121291249227397e+03 9.545484566618328559e-01
2.179354082294172258e+03 7.924828983539170535e-01
2.129584832215452025e+03 6.579332246575683163e-01
2.089442112783767243e+03 5.462277217684337050e-01
2.035140657125362395e+03 4.534878508128582508e-01
1.980033775803873368e+03 3.764935806792471529e-01
1.924942516274820946e+03 3.125715849688235348e-01
1.894746664355940311e+03 2.595024211399732383e-01
1.866661515666210335e+03 2.154434690031882260e-01
1.787602834613448749e+03 1.788649529057435295e-01
1.763026518818719524e+03 1.484968262254463545e-01
1.710854760674323188e+03 1.232846739442065992e-01
1.679542695940279145e+03 1.023531021899027060e-01
1.670199763589678014e+03 8.497534359086438005e-02
1.651818292314721020e+03 7.054802310718638614e-02
1.626287572399439796e+03 5.857020818056662276e-02
1.606398436205780172e+03 4.862601580065348955e-02
1.593506056529328589e+03 4.037017258596554276e-02
1.571557750964496108e+03 3.351602650938841077e-02
1.508531073530391950e+03 2.782559402207123583e-02
1.481474325566141943e+03 2.310129700083158460e-02
1.452436007516728296e+03 1.917910261672486905e-02
1.411077843046887892e+03 1.592282793341090810e-02
1.371725132933989016e+03 1.321941148466028795e-02
1.338301330039246068e+03 1.097498765493055625e-02
1.304484614188717160e+03 9.111627561154888796e-03
1.281376176779712750e+03 7.564633275546276195e-03
1.261024783001523929e+03 6.280291441834247486e-03
1.246031306769745697e+03 5.214008287999684008e-03
1.227030699742882007e+03 4.328761281083053081e-03
1.217418450174691316e+03 3.593813663804625805e-03
1.213397460123919700e+03 2.983647240283334324e-03
1.208570099992216456e+03 2.477076355991709132e-03
1.202837689433054493e+03 2.056512308348651657e-03
1.194955976987763734e+03 1.707352647470688914e-03
1.188525538837797285e+03 1.417474162926804808e-03
1.177185875879104515e+03 1.176811952434996802e-03
1.164347032932568936e+03 9.770099572992247371e-04
1.160424389767093317e+03 8.111308307896856031e-04
1.155765634854554492e+03 6.734150657750814697e-04
1.147867790481203428e+03 5.590810182512222660e-04
1.145913749104107183e+03 4.641588833612773522e-04
1.144602175354951896e+03 3.853528593710527734e-04
1.139036697457348055e+03 3.199267137797377888e-04
1.133300474657780342e+03 2.656087782946684275e-04
1.125649921117288841e+03 2.205130739903041258e-04
1.119961493581994091e+03 1.830738280295366339e-04
1.115606766906703569e+03 1.519911082952933351e-04
1.112717832742677729e+03 1.261856883066018585e-04
1.111684129367507012e+03 1.047615752789664132e-04
1.110690963379597179e+03 8.697490026177818155e-05
1.109738334778948911e+03 7.220809018385457615e-05
1.106144730020316274e+03 5.994842503189408905e-05
1.095101438458252460e+03 4.977023564332103795e-05
1.091003353124799560e+03 4.132012400115334376e-05
1.089520334348615734e+03 3.430469286314912652e-05
1.088915129556540933e+03 2.848035868435799396e-05
1.088318031170799941e+03 2.364489412645402454e-05
1.087733140243298976e+03 1.963040650040268496e-05
1.087165048571561783e+03 1.629750834620643783e-05
1.086618820709698639e+03 1.353047774579805024e-05
1.086099534518616110e+03 1.123324032978026594e-05
1.085611667850387676e+03 9.326033468832181083e-06
1.085158666672261234e+03 7.742636826811263341e-06
1.084742846373907241e+03 6.428073117284306733e-06
1.084413926550628275e+03 5.336699231206302861e-06
1.084126310881124482e+03 4.430621457583878230e-06
1.083872385578883268e+03 3.678379771828626713e-06
1.083651938542565404e+03 3.053855508833412725e-06
1.083464517507016808e+03 2.535364493970106576e-06
1.083309257171086756e+03 2.104904144512017605e-06
1.083184671911500800e+03 1.747528400007683116e-06
1.083088472681606163e+03 1.450828778495937304e-06
1.083017494027106522e+03 1.204503540258781267e-06
1.082967806995683986e+03 1.000000000000000167e-06
