3.071999999999999176e-01 1.503680576700092142e-02
3.246999999999999886e-01 1.501842094620530095e-02
3.378999999999999782e-01 1.500159727266504005e-02
3.467000000000000082e-01 1.498919731706088894e-02
3.554999999999999827e-01 1.497526200120975585e-02
3.643000000000000127e-01 1.496086176002031816e-02
3.730999999999999872e-01 1.494505291886364176e-02
3.796999999999999265e-01 1.493279828257005823e-02
3.840999999999999970e-01 1.492451781522952971e-02
3.885000000000000120e-01 1.491638126431324603e-02
3.929000000000000270e-01 1.490806258235561135e-02
3.972999999999999865e-01 1.489978088352832651e-02
4.017000000000000015e-01 1.489148691377748836e-02
4.061000000000000165e-01 1.488345753847311777e-02
4.104999999999999760e-01 1.487567963779343368e-02
4.148999999999999910e-01 1.486764293028747068e-02
4.193000000000000060e-01 1.486002658548653786e-02
4.237000000000000210e-01 1.485238526810057393e-02
4.280999999999999805e-01 1.484441723109287091e-02
4.324999999999999956e-01 1.483651754487588098e-02
4.369000000000000106e-01 1.482890979527230930e-02
4.413000000000000256e-01 1.482083304811200077e-02
4.456999999999999851e-01 1.481332208742452972e-02
4.501000000000000001e-01 1.480572147771920706e-02
4.545000000000000151e-01 1.479819725999954351e-02
4.588999999999999746e-01 1.479048649798954396e-02
4.632999999999999896e-01 1.478295445198659144e-02
4.677000000000000046e-01 1.477548293516839362e-02
4.721000000000000196e-01 1.476821104017015003e-02
4.764999999999999791e-01 1.476089792145759798e-02
4.809000000000000496e-01 1.475340837159942742e-02
4.853000000000000647e-01 1.474569956329783646e-02
4.897000000000000242e-01 1.473856463481654222e-02
4.940999999999999837e-01 1.473172025198851882e-02
4.984999999999999432e-01 1.472486837322488015e-02
5.029000000000000137e-01 1.472433680508890806e-02
5.071999999999999842e-01 1.473173075337588615e-02
5.116000000000000547e-01 1.475442748882310057e-02
5.160000000000000142e-01 1.476929614577998998e-02
5.203999999999999737e-01 1.477283419316768355e-02
5.248000000000000442e-01 1.477800664825703984e-02
5.291999999999998927e-01 1.478238611083982149e-02
5.335999999999999632e-01 1.478802881162193453e-02
5.379999999999999227e-01 1.479357920254068849e-02
5.423999999999999932e-01 1.479995126184420993e-02
5.453000000000000069e-01 1.480338165933754203e-02
5.466999999999999638e-01 1.480548738931048401e-02
