5.511000000000000343e-01 1.481235862119212668e-02
5.531000000000000361e-01 1.481532979053503014e-02
5.554999999999999938e-01 1.481908209611436898e-02
5.598999999999999533e-01 1.482517254739547201e-02
5.608999999999998431e-01 1.482638128649653442e-02
5.643000000000000238e-01 1.483197425488433190e-02
5.684999999999998943e-01 1.483950931443851068e-02
5.686999999999999833e-01 1.483963045005030380e-02
5.765000000000000124e-01 1.486006672401418531e-02
5.843000000000000416e-01 1.490343918261492068e-02
5.920999999999999597e-01 1.494940983950311490e-02
5.998999999999999888e-01 1.485780693304227136e-02
6.077000000000000179e-01 1.483318447159973769e-02
6.154999999999999361e-01 1.481513587714645627e-02
6.232999999999999652e-01 1.480131503228458538e-02
6.310999999999999943e-01 1.478832678763105681e-02
6.389000000000000234e-01 1.477684727599478873e-02
6.466999999999999416e-01 1.476631693085085455e-02
6.544999999999999707e-01 1.475676172638738619e-02
6.622999999999999998e-01 1.474759946476166678e-02
6.701999999999999069e-01 1.474014839951444389e-02
6.780000000000000471e-01 1.473403786202931963e-02
6.857999999999999652e-01 1.473105744174931474e-02
6.935999999999998833e-01 1.473259877602242120e-02
7.013999999999999124e-01 1.473182473836942390e-02
7.092000000000000526e-01 1.473165029495906476e-02
7.169999999999999707e-01 1.473265008725594717e-02
7.247999999999998888e-01 1.473653268683820620e-02
7.327000000000000179e-01 1.474311406130898033e-02
7.405000000000000471e-01 1.475150139516169696e-02
7.482999999999998542e-01 1.476495096218592706e-02
7.560999999999999943e-01 1.478302859084344896e-02
7.639000000000000234e-01 1.485667728790375161e-02
7.717000000000000526e-01 1.484961589469265854e-02
7.795999999999999597e-01 1.476957984599459005e-02
7.873999999999999888e-01 1.475150366025565485e-02
7.952000000000000179e-01 1.473788427564768147e-02
8.029999999999999361e-01 1.472732026809791053e-02
8.107999999999999652e-01 1.471670448884686115e-02
8.185999999999999943e-01 1.470816956388082582e-02
8.263999999999999124e-01 1.470023799556640504e-02
8.343000000000000416e-01 1.469337110336469548e-02
8.538000000000000034e-01 1.467846048148729182e-02
8.850999999999999979e-01 1.466499459963780359e-02
9.162999999999998924e-01 1.464294491369716976e-02
9.474999999999998979e-01 1.461696248371128180e-02
