8.624748578416915734e+02 1.000000000000000142e+02
8.624748578416915734e+02 8.302175681319752698e+01
8.624748578416915734e+02 6.892612104349696267e+01
8.624748578416915734e+02 5.722367659350220492e+01
8.624748578416915734e+02 4.750810162102794010e+01
8.624748578416915734e+02 3.944206059437656364e+01
8.624748578416915734e+02 3.274549162877731590e+01
8.624748578416915734e+02 2.718588242732940330e+01
8.624748578416915734e+02 2.257019719633921540e+01
8.624748578416915734e+02 1.873817422860383175e+01
8.624748578416915734e+02 1.555676143930472399e+01
8.624748578416915734e+02 1.291549665014882997e+01
8.624748279133134474e+02 1.072267222010323096e+01
8.624746859108327044e+02 8.902150854450393780e+00
8.624741828325675215e+02 7.390722033525776169e+00
8.624726305333941809e+02 6.135907273413176100e+00
8.624683259840522851e+02 5.094138014816375737e+00
8.619311539931217112e+02 4.229242874389499640e+00
8.613251368275912228e+02 3.511191734215127980e+00
8.607933569469614667e+02 2.915053062825175623e+00
8.602761982999855945e+02 2.420128264794383810e+00
8.594087289725658820e+02 2.009233002565046000e+00
8.584805165173168007e+02 1.668100537200059241e+00
8.579203156057279784e+02 1.384886371393871718e+00
8.573711581153390853e+02 1.149756995397735793e+00
8.565271126577129053e+02 9.545484566618328559e-01
8.559590683545477532e+02 7.924828983539170535e-01
8.557452744334563022e+02 6.579332246575683163e-01
8.547977611110114822e+02 5.462277217684337050e-01
8.532077129338034638e+02 4.534878508128582508e-01
8.520321035348390524e+02 3.764935806792471529e-01
8.511112654689195551e+02 3.125715849688235348e-01
8.497034507032351485e+02 2.595024211399732383e-01
8.484316522200891768e+02 2.154434690031882260e-01
8.473223819743667491e+02 1.788649529057435295e-01
8.463074919145499280e+02 1.484968262254463545e-01
8.455544215733676765e+02 1.232846739442065992e-01
8.447549089059592688e+02 1.023531021899027060e-01
8.437149067474194908e+02 8.497534359086438005e-02
8.428834698720021379e+02 7.054802310718638614e-02
8.420791182693333212e+02 5.857020818056662276e-02
8.410951030799468526e+02 4.862601580065348955e-02
8.401621111698245841e+02 4.037017258596554276e-02
8.392488598705300546e+02 3.351602650938841077e-02
8.382864448613837567e+02 2.782559402207123583e-02
8.372068154736381302e+02 2.310129700083158460e-02
8.361486682590908686e+02 1.917910261672486905e-02
8.351120164247295179e+02 1.592282793341090810e-02
8.340649558852772998e+02 1.321941148466028795e-02
8.329848375469889561e+02 1.097498765493055625e-02
8.319261663869326640e+02 9.111627561154888796e-03
8.307103858139612385e+02 7.564633275546276195e-03
8.295219846765838838e+02 6.280291441834247486e-03
8.284261975619111809e+02 5.214008287999684008e-03
8.273986062811333113e+02 4.328761281083053081e-03
8.263554264303647869e+02 3.593813663804625805e-03
8.253006706534026762e+02 2.983647240283334324e-03
8.242725856142382099e+02 2.477076355991709132e-03
8.233923031525526994e+02 2.056512308348651657e-03
8.226256497530762317e+02 1.707352647470688914e-03
8.218769795834969045e+02 1.417474162926804808e-03
8.210094536833561278e+02 1.176811952434996802e-03
8.199500910406650291e+02 9.770099572992247371e-04
8.190710510988433271e+02 8.111308307896856031e-04
8.183421860645024708e+02 6.734150657750814697e-04
8.176338524395796412e+02 5.590810182512222660e-04
8.169460502240748383e+02 4.641588833612773522e-04
8.162787794179880621e+02 3.853528593710527734e-04
8.156320400213193125e+02 3.199267137797377888e-04
8.150058320340688169e+02 2.656087782946684275e-04
8.144001554562362344e+02 2.205130739903041258e-04
8.137828605721649637e+02 1.830738280295366339e-04
8.130392795836005462e+02 1.519911082952933351e-04
8.123238998144784091e+02 1.261856883066018585e-04
8.113378089273254545e+02 1.047615752789664132e-04
8.104738107623234100e+02 8.697490026177818155e-05
8.097887678165209309e+02 7.220809018385457615e-05
8.092700994473206038e+02 5.994842503189408905e-05
8.088250985585700619e+02 4.977023564332103795e-05
8.082616578482237628e+02 4.132012400115334376e-05
8.076803145868560705e+02 3.430469286314912652e-05
8.072567011936234849e+02 2.848035868435799396e-05
8.068906272510556619e+02 2.364489412645402454e-05
8.065454718194918087e+02 1.963040650040268496e-05
8.061980325914785226e+02 1.629750834620643783e-05
8.058284847579595862e+02 1.353047774579805024e-05
8.054844229819245811e+02 1.123324032978026594e-05
8.051658472633736210e+02 9.326033468832181083e-06
8.048655262895720170e+02 7.742636826811263341e-06
8.045181940177177466e+02 6.428073117284306733e-06
8.042236546795045342e+02 5.336699231206302861e-06
8.037479769823255538e+02 4.430621457583878230e-06
8.033068636181250213e+02 3.678379771828626713e-06
8.030099537873052213e+02 3.053855508833412725e-06
8.028506031705754822e+02 2.535364493970106576e-06
8.026844472515184634e+02 2.104904144512017605e-06
8.025476816909501849e+02 1.747528400007683116e-06
8.024420773710932053e+02 1.450828778495937304e-06
8.023641593613441501e+02 1.204503540258781267e-06
8.023096145883260988e+02 1.000000000000000167e-06
