1.032655011780966561e+03 1.000000000000000142e+02
1.032425292411992814e+03 8.302175681319752698e+01
1.032373639448509266e+03 6.892612104349696267e+01
1.032030267670866579e+03 5.722367659350220492e+01
1.031742426118590174e+03 4.750810162102794010e+01
1.031214162175021556e+03 3.944206059437656364e+01
1.030330029376228595e+03 3.274549162877731590e+01
1.029570513440181685e+03 2.718588242732940330e+01
1.028791701385765236e+03 2.257019719633921540e+01
1.027371194900665841e+03 1.873817422860383175e+01
1.026017022725611923e+03 1.555676143930472399e+01
1.024740504532833256e+03 1.291549665014882997e+01
1.023603687635195115e+03 1.072267222010323096e+01
1.021839953662625931e+03 8.902150854450393780e+00
1.021411259634506791e+03 7.390722033525776169e+00
1.019462547853918863e+03 6.135907273413176100e+00
1.017537835468491153e+03 5.094138014816375737e+00
1.015475071741517013e+03 4.229242874389499640e+00
1.012992518467495870e+03 3.511191734215127980e+00
1.011651897545686779e+03 2.915053062825175623e+00
1.010281834236662235e+03 2.420128264794383810e+00
1.009187276322056732e+03 2.009233002565046000e+00
1.007921818854015214e+03 1.668100537200059241e+00
1.004584888250883751e+03 1.384886371393871718e+00
1.001244611920394505e+03 1.149756995397735793e+00
9.981991814710082735e+02 9.545484566618328559e-01
9.964964598435674361e+02 7.924828983539170535e-01
9.914522367103393208e+02 6.579332246575683163e-01
9.883089097056445098e+02 5.462277217684337050e-01
9.843326237048352141e+02 4.534878508128582508e-01
9.809677609660906228e+02 3.764935806792471529e-01
9.783641668457240712e+02 3.125715849688235348e-01
9.758789689758450550e+02 2.595024211399732383e-01
9.742439312783603782e+02 2.154434690031882260e-01
9.683143625179601486e+02 1.788649529057435295e-01
9.660784650282180337e+02 1.484968262254463545e-01
9.652950218971471941e+02 1.232846739442065992e-01
9.612094935146909620e+02 1.023531021899027060e-01
9.575355489587723241e+02 8.497534359086438005e-02
9.532496734946047354e+02 7.054802310718638614e-02
9.492805935684360747e+02 5.857020818056662276e-02
9.470865820861148450e+02 4.862601580065348955e-02
9.456975937272067085e+02 4.037017258596554276e-02
9.434023089430039590e+02 3.351602650938841077e-02
9.416055526009027972e+02 2.782559402207123583e-02
9.380782021919048930e+02 2.310129700083158460e-02
9.344830139589112150e+02 1.917910261672486905e-02
9.329775791863520453e+02 1.592282793341090810e-02
9.290319541447881875e+02 1.321941148466028795e-02
9.268591769398652787e+02 1.097498765493055625e-02
9.245401056791575911e+02 9.111627561154888796e-03
9.218999555726138624e+02 7.564633275546276195e-03
9.197350863345621974e+02 6.280291441834247486e-03
9.175074182107051683e+02 5.214008287999684008e-03
9.145994366275458560e+02 4.328761281083053081e-03
9.124614857210557375e+02 3.593813663804625805e-03
9.094157978467942485e+02 2.983647240283334324e-03
9.072788882783862618e+02 2.477076355991709132e-03
9.056186432981235157e+02 2.056512308348651657e-03
9.030442915638809609e+02 1.707352647470688914e-03
9.011786726611668428e+02 1.417474162926804808e-03
8.992915019072635232e+02 1.176811952434996802e-03
8.971393009191725696e+02 9.770099572992247371e-04
8.954283082301312788e+02 8.111308307896856031e-04
8.939995424413164073e+02 6.734150657750814697e-04
8.923540954946791999e+02 5.590810182512222660e-04
8.897734997695752099e+02 4.641588833612773522e-04
8.872376537488664781e+02 3.853528593710527734e-04
8.857881488471913372e+02 3.199267137797377888e-04
8.837090214451286556e+02 2.656087782946684275e-04
8.820472603575084349e+02 2.205130739903041258e-04
8.807035268008421554e+02 1.830738280295366339e-04
8.789725661950935773e+02 1.519911082952933351e-04
8.779576786654180296e+02 1.261856883066018585e-04
8.757860995799376269e+02 1.047615752789664132e-04
8.749201290067140917e+02 8.697490026177818155e-05
8.733017467062708192e+02 7.220809018385457615e-05
8.717393097608422750e+02 5.994842503189408905e-05
8.705051823692032258e+02 4.977023564332103795e-05
8.691975623574645624e+02 4.132012400115334376e-05
8.676030757266241835e+02 3.430469286314912652e-05
8.666635893540317284e+02 2.848035868435799396e-05
8.654817149777567238e+02 2.364489412645402454e-05
8.640863049856548059e+02 1.963040650040268496e-05
8.632379607509445805e+02 1.629750834620643783e-05
8.622539929877043505e+02 1.353047774579805024e-05
8.614621558012843252e+02 1.123324032978026594e-05
8.608984853323493098e+02 9.326033468832181083e-06
8.605243106725210964e+02 7.742636826811263341e-06
8.599203810080648509e+02 6.428073117284306733e-06
8.595106024761822709e+02 5.336699231206302861e-06
8.589451484164334261e+02 4.430621457583878230e-06
8.579509192350294597e+02 3.678379771828626713e-06
8.576895729640548325e+02 3.053855508833412725e-06
8.574176682695349427e+02 2.535364493970106576e-06
8.570520379032932397e+02 2.104904144512017605e-06
8.568824643170870559e+02 1.747528400007683116e-06
8.568093407627490024e+02 1.450828778495937304e-06
8.567553880283578565e+02 1.204503540258781267e-06
8.567176196143475408e+02 1.000000000000000167e-06
