1.121699999999999697e+00 1.463250646468778303e-02
1.140200000000000102e+00 1.464664914108312899e-02
1.158800000000000052e+00 1.470173916073807055e-02
1.177400000000000002e+00 1.470546949445389155e-02
1.195899999999999741e+00 1.467757171220705759e-02
1.214499999999999691e+00 1.464063133393450969e-02
1.233000000000000096e+00 1.461524515195422938e-02
1.251600000000000046e+00 1.459290910356404042e-02
1.270199999999999996e+00 1.457377600484599002e-02
1.288699999999999735e+00 1.461465671645714379e-02
1.307299999999999685e+00 1.463803457711335479e-02
1.325900000000000079e+00 1.466952069716512437e-02
1.344400000000000039e+00 1.468736765127250446e-02
1.362999999999999989e+00 1.471602500472962011e-02
1.381499999999999728e+00 1.473111234633672773e-02
1.400099999999999678e+00 1.474426316813684697e-02
1.418700000000000072e+00 1.471543341584484292e-02
1.437200000000000033e+00 1.469662561915149358e-02
1.455799999999999983e+00 1.469905456979204647e-02
1.474399999999999711e+00 1.473155204224664387e-02
1.492899999999999894e+00 1.471786650845511267e-02
1.511500000000000066e+00 1.472640191638801242e-02
1.530000000000000027e+00 1.472618882698758722e-02
1.548599999999999977e+00 1.472659190901301832e-02
1.567199999999999704e+00 1.469290074245584166e-02
1.585700000000000109e+00 1.467971591153574736e-02
1.604300000000000059e+00 1.470916317740653644e-02
1.622900000000000009e+00 1.476032202669365356e-02
1.639100000000000001e+00 1.476149003126149724e-02
